solid 
 facet normal  0.000000e+00 -1.000000e+00  0.000000e+00
   outer loop
     vertex  1.518519e-01 -2.206349e-01 -1.587302e-02
     vertex -2.206349e-01 -2.206349e-01  9.841270e-01
     vertex -2.206349e-01 -2.206349e-01 -1.587302e-02
   endloop
 endfacet
 facet normal  0.000000e+00 -1.000000e+00  0.000000e+00
   outer loop
     vertex  1.518519e-01 -2.206349e-01 -1.587302e-02
     vertex  1.518519e-01 -2.206349e-01  9.841270e-01
     vertex -2.206349e-01 -2.206349e-01  9.841270e-01
   endloop
 endfacet
 facet normal -1.000000e+00  0.000000e+00  0.000000e+00
   outer loop
     vertex -2.206349e-01 -2.206349e-01 -1.587302e-02
     vertex -2.206349e-01  1.518519e-01  9.841270e-01
     vertex -2.206349e-01  1.518519e-01 -1.587302e-02
   endloop
 endfacet
 facet normal -1.000000e+00  0.000000e+00  0.000000e+00
   outer loop
     vertex -2.206349e-01 -2.206349e-01 -1.587302e-02
     vertex -2.206349e-01 -2.206349e-01  9.841270e-01
     vertex -2.206349e-01  1.518519e-01  9.841270e-01
   endloop
 endfacet
 facet normal  1.000000e+00  0.000000e+00  0.000000e+00
   outer loop
     vertex  1.518519e-01 -3.439150e-02 -1.587302e-02
     vertex  1.518519e-01 -2.206349e-01  9.841270e-01
     vertex  1.518519e-01 -2.206349e-01 -1.587302e-02
   endloop
 endfacet
 facet normal  1.000000e+00  0.000000e+00 -0.000000e+00
   outer loop
     vertex  1.518519e-01 -3.439150e-02 -1.587302e-02
     vertex  1.518519e-01 -3.439150e-02  9.841270e-01
     vertex  1.518519e-01 -2.206349e-01  9.841270e-01
   endloop
 endfacet
 facet normal -0.000000e+00 -1.000000e+00  0.000000e+00
   outer loop
     vertex  1.518519e-01 -2.206349e-01 -1.587302e-02
     vertex -2.206349e-01 -2.206349e-01 -1.587302e-02
     vertex -2.206349e-01 -2.206349e-01 -1.015873e+00
   endloop
 endfacet
 facet normal  0.000000e+00 -1.000000e+00 -0.000000e+00
   outer loop
     vertex  1.518519e-01 -2.206349e-01 -1.587302e-02
     vertex -2.206349e-01 -2.206349e-01 -1.015873e+00
     vertex  1.518519e-01 -2.206349e-01 -1.015873e+00
   endloop
 endfacet
 facet normal  0.000000e+00  0.000000e+00  1.000000e+00
   outer loop
     vertex  4.643575e-02  6.116781e-03  9.841270e-01
     vertex  2.486777e-02  2.486777e-02  9.841270e-01
     vertex -2.206349e-01 -2.206349e-01  9.841270e-01
   endloop
 endfacet
 facet normal  0.000000e+00  0.000000e+00  1.000000e+00
   outer loop
     vertex  6.116781e-03  4.643575e-02  9.841270e-01
     vertex -2.206349e-01 -2.206349e-01  9.841270e-01
     vertex  2.486777e-02  2.486777e-02  9.841270e-01
   endloop
 endfacet
 facet normal  0.000000e+00  0.000000e+00  1.000000e+00
   outer loop
     vertex -9.452874e-03  7.040163e-02  9.841270e-01
     vertex -2.206349e-01  1.518519e-01  9.841270e-01
     vertex -2.206349e-01 -2.206349e-01  9.841270e-01
   endloop
 endfacet
 facet normal  0.000000e+00  0.000000e+00  1.000000e+00
   outer loop
     vertex -9.452874e-03  7.040163e-02  9.841270e-01
     vertex -2.206349e-01 -2.206349e-01  9.841270e-01
     vertex  6.116781e-03  4.643575e-02  9.841270e-01
   endloop
 endfacet
 facet normal  0.000000e+00  0.000000e+00  1.000000e+00
   outer loop
     vertex  7.040163e-02 -9.452874e-03  9.841270e-01
     vertex -2.206349e-01 -2.206349e-01  9.841270e-01
     vertex  1.518519e-01 -2.206349e-01  9.841270e-01
   endloop
 endfacet
 facet normal  0.000000e+00  0.000000e+00  1.000000e+00
   outer loop
     vertex  7.040163e-02 -9.452874e-03  9.841270e-01
     vertex  4.643575e-02  6.116781e-03  9.841270e-01
     vertex -2.206349e-01 -2.206349e-01  9.841270e-01
   endloop
 endfacet
 facet normal  0.000000e+00  0.000000e+00  1.000000e+00
   outer loop
     vertex  9.629973e-02 -2.153866e-02  9.841270e-01
     vertex  7.040163e-02 -9.452874e-03  9.841270e-01
     vertex  1.518519e-01 -2.206349e-01  9.841270e-01
   endloop
 endfacet
 facet normal  0.000000e+00  0.000000e+00  1.000000e+00
   outer loop
     vertex -2.153866e-02  9.629973e-02  9.841270e-01
     vertex -2.206349e-01  1.518519e-01  9.841270e-01
     vertex -9.452874e-03  7.040163e-02  9.841270e-01
   endloop
 endfacet
 facet normal  0.000000e+00  0.000000e+00  1.000000e+00
   outer loop
     vertex  1.236268e-01 -2.990573e-02  9.841270e-01
     vertex  9.629973e-02 -2.153866e-02  9.841270e-01
     vertex  1.518519e-01 -2.206349e-01  9.841270e-01
   endloop
 endfacet
 facet normal  0.000000e+00  0.000000e+00  1.000000e+00
   outer loop
     vertex -2.990573e-02  1.236268e-01  9.841270e-01
     vertex -2.206349e-01  1.518519e-01  9.841270e-01
     vertex -2.153866e-02  9.629973e-02  9.841270e-01
   endloop
 endfacet
 facet normal  0.000000e+00  0.000000e+00  1.000000e+00
   outer loop
     vertex  1.518519e-01 -3.439150e-02  9.841270e-01
     vertex  1.236268e-01 -2.990573e-02  9.841270e-01
     vertex  1.518519e-01 -2.206349e-01  9.841270e-01
   endloop
 endfacet
 facet normal  0.000000e+00  0.000000e+00  1.000000e+00
   outer loop
     vertex -3.439150e-02  1.518519e-01  9.841270e-01
     vertex -2.206349e-01  1.518519e-01  9.841270e-01
     vertex -2.990573e-02  1.236268e-01  9.841270e-01
   endloop
 endfacet
 facet normal  1.490285e-16  1.000000e+00  0.000000e+00
   outer loop
     vertex -2.206349e-01  1.518519e-01 -1.587302e-02
     vertex -3.439150e-02  1.518519e-01  9.841270e-01
     vertex -3.439150e-02  1.518519e-01 -1.587301e-02
   endloop
 endfacet
 facet normal  1.490285e-16  1.000000e+00 -0.000000e+00
   outer loop
     vertex -2.206349e-01  1.518519e-01 -1.587302e-02
     vertex -2.206349e-01  1.518519e-01  9.841270e-01
     vertex -3.439150e-02  1.518519e-01  9.841270e-01
   endloop
 endfacet
 facet normal -1.000000e+00  0.000000e+00  0.000000e+00
   outer loop
     vertex -2.206349e-01 -2.206349e-01 -1.587302e-02
     vertex -2.206349e-01  1.518519e-01 -1.587302e-02
     vertex -2.206349e-01  1.518519e-01 -1.015873e+00
   endloop
 endfacet
 facet normal -1.000000e+00  0.000000e+00  0.000000e+00
   outer loop
     vertex -2.206349e-01 -2.206349e-01 -1.587302e-02
     vertex -2.206349e-01  1.518519e-01 -1.015873e+00
     vertex -2.206349e-01 -2.206349e-01 -1.015873e+00
   endloop
 endfacet
 facet normal  1.569589e-01  9.876051e-01  0.000000e+00
   outer loop
     vertex  1.236268e-01 -2.990573e-02 -1.587302e-02
     vertex  1.518519e-01 -3.439150e-02  9.841270e-01
     vertex  1.518519e-01 -3.439150e-02 -1.587302e-02
   endloop
 endfacet
 facet normal  1.569589e-01  9.876051e-01 -0.000000e+00
   outer loop
     vertex  1.236268e-01 -2.990573e-02 -1.587302e-02
     vertex  1.236268e-01 -2.990573e-02  9.841270e-01
     vertex  1.518519e-01 -3.439150e-02  9.841270e-01
   endloop
 endfacet
 facet normal  2.927666e-01  9.561839e-01 -0.000000e+00
   outer loop
     vertex  9.629973e-02 -2.153866e-02 -1.587302e-02
     vertex  9.629973e-02 -2.153866e-02  9.841270e-01
     vertex  1.236268e-01 -2.990573e-02  9.841270e-01
   endloop
 endfacet
 facet normal  2.927666e-01  9.561839e-01  0.000000e+00
   outer loop
     vertex  9.629973e-02 -2.153866e-02 -1.587302e-02
     vertex  1.236268e-01 -2.990573e-02  9.841270e-01
     vertex  1.236268e-01 -2.990573e-02 -1.587302e-02
   endloop
 endfacet
 facet normal  4.228856e-01  9.061831e-01 -0.000000e+00
   outer loop
     vertex  7.040163e-02 -9.452874e-03 -1.587302e-02
     vertex  7.040163e-02 -9.452874e-03  9.841270e-01
     vertex  9.629973e-02 -2.153866e-02  9.841270e-01
   endloop
 endfacet
 facet normal  4.228856e-01  9.061831e-01  0.000000e+00
   outer loop
     vertex  7.040163e-02 -9.452874e-03 -1.587302e-02
     vertex  9.629973e-02 -2.153866e-02  9.841270e-01
     vertex  9.629973e-02 -2.153866e-02 -1.587302e-02
   endloop
 endfacet
 facet normal  5.447875e-01  8.385742e-01 -0.000000e+00
   outer loop
     vertex  4.643575e-02  6.116781e-03 -1.587302e-02
     vertex  4.643575e-02  6.116781e-03  9.841270e-01
     vertex  7.040163e-02 -9.452874e-03  9.841270e-01
   endloop
 endfacet
 facet normal  5.447875e-01  8.385742e-01  0.000000e+00
   outer loop
     vertex  4.643575e-02  6.116781e-03 -1.587302e-02
     vertex  7.040163e-02 -9.452874e-03  9.841270e-01
     vertex  7.040163e-02 -9.452874e-03 -1.587302e-02
   endloop
 endfacet
 facet normal  6.561036e-01  7.546709e-01 -0.000000e+00
   outer loop
     vertex  2.486777e-02  2.486777e-02 -1.587302e-02
     vertex  2.486777e-02  2.486777e-02  9.841270e-01
     vertex  4.643575e-02  6.116781e-03  9.841270e-01
   endloop
 endfacet
 facet normal  7.546709e-01  6.561036e-01 -0.000000e+00
   outer loop
     vertex  2.486777e-02  2.486777e-02 -1.587302e-02
     vertex  6.116781e-03  4.643575e-02  9.841270e-01
     vertex  2.486777e-02  2.486777e-02  9.841270e-01
   endloop
 endfacet
 facet normal  6.561036e-01  7.546709e-01  0.000000e+00
   outer loop
     vertex  2.486777e-02  2.486777e-02 -1.587302e-02
     vertex  4.643575e-02  6.116781e-03  9.841270e-01
     vertex  4.643575e-02  6.116781e-03 -1.587302e-02
   endloop
 endfacet
 facet normal  7.546709e-01  6.561036e-01 -0.000000e+00
   outer loop
     vertex  6.116781e-03  4.643575e-02 -1.587302e-02
     vertex  6.116781e-03  4.643575e-02  9.841270e-01
     vertex  2.486777e-02  2.486777e-02 -1.587302e-02
   endloop
 endfacet
 facet normal  8.385742e-01  5.447875e-01 -0.000000e+00
   outer loop
     vertex -9.452874e-03  7.040163e-02 -1.587302e-02
     vertex -9.452874e-03  7.040163e-02  9.841270e-01
     vertex  6.116781e-03  4.643575e-02  9.841270e-01
   endloop
 endfacet
 facet normal  8.385742e-01  5.447875e-01  0.000000e+00
   outer loop
     vertex -9.452874e-03  7.040163e-02 -1.587302e-02
     vertex  6.116781e-03  4.643575e-02  9.841270e-01
     vertex  6.116781e-03  4.643575e-02 -1.587302e-02
   endloop
 endfacet
 facet normal  9.061831e-01  4.228856e-01 -0.000000e+00
   outer loop
     vertex -2.153866e-02  9.629973e-02 -1.587302e-02
     vertex -2.153866e-02  9.629973e-02  9.841270e-01
     vertex -9.452874e-03  7.040163e-02  9.841270e-01
   endloop
 endfacet
 facet normal  9.061831e-01  4.228856e-01  0.000000e+00
   outer loop
     vertex -2.153866e-02  9.629973e-02 -1.587302e-02
     vertex -9.452874e-03  7.040163e-02  9.841270e-01
     vertex -9.452874e-03  7.040163e-02 -1.587302e-02
   endloop
 endfacet
 facet normal  9.561839e-01  2.927666e-01 -0.000000e+00
   outer loop
     vertex -2.990573e-02  1.236268e-01 -1.587302e-02
     vertex -2.990573e-02  1.236268e-01  9.841270e-01
     vertex -2.153866e-02  9.629973e-02  9.841270e-01
   endloop
 endfacet
 facet normal  9.561839e-01  2.927666e-01  0.000000e+00
   outer loop
     vertex -2.990573e-02  1.236268e-01 -1.587302e-02
     vertex -2.153866e-02  9.629973e-02  9.841270e-01
     vertex -2.153866e-02  9.629973e-02 -1.587302e-02
   endloop
 endfacet
 facet normal  9.876051e-01  1.569589e-01 -0.000000e+00
   outer loop
     vertex -3.439150e-02  1.518519e-01 -1.587301e-02
     vertex -3.439150e-02  1.518519e-01  9.841270e-01
     vertex -2.990573e-02  1.236268e-01  9.841270e-01
   endloop
 endfacet
 facet normal  9.876051e-01  1.569589e-01  0.000000e+00
   outer loop
     vertex -3.439150e-02  1.518519e-01 -1.587301e-02
     vertex -2.990573e-02  1.236268e-01  9.841270e-01
     vertex -2.990573e-02  1.236268e-01 -1.587302e-02
   endloop
 endfacet
 facet normal  1.000000e+00  0.000000e+00  0.000000e+00
   outer loop
     vertex  1.518519e-01 -3.439150e-02 -1.587302e-02
     vertex  1.518519e-01 -2.206349e-01 -1.587302e-02
     vertex  1.518519e-01 -2.206349e-01 -1.015873e+00
   endloop
 endfacet
 facet normal  1.000000e+00  0.000000e+00  0.000000e+00
   outer loop
     vertex  1.518519e-01 -3.439150e-02 -1.587302e-02
     vertex  1.518519e-01 -2.206349e-01 -1.015873e+00
     vertex  1.518519e-01 -3.439150e-02 -1.015873e+00
   endloop
 endfacet
 facet normal -0.000000e+00  0.000000e+00 -1.000000e+00
   outer loop
     vertex  4.643575e-02  6.116781e-03 -1.015873e+00
     vertex -2.206349e-01 -2.206349e-01 -1.015873e+00
     vertex  2.486777e-02  2.486777e-02 -1.015873e+00
   endloop
 endfacet
 facet normal  0.000000e+00 -0.000000e+00 -1.000000e+00
   outer loop
     vertex  6.116781e-03  4.643575e-02 -1.015873e+00
     vertex  2.486777e-02  2.486777e-02 -1.015873e+00
     vertex -2.206349e-01 -2.206349e-01 -1.015873e+00
   endloop
 endfacet
 facet normal -0.000000e+00  0.000000e+00 -1.000000e+00
   outer loop
     vertex -9.452874e-03  7.040163e-02 -1.015873e+00
     vertex -2.206349e-01 -2.206349e-01 -1.015873e+00
     vertex -2.206349e-01  1.518519e-01 -1.015873e+00
   endloop
 endfacet
 facet normal  0.000000e+00 -0.000000e+00 -1.000000e+00
   outer loop
     vertex -9.452874e-03  7.040163e-02 -1.015873e+00
     vertex  6.116781e-03  4.643575e-02 -1.015873e+00
     vertex -2.206349e-01 -2.206349e-01 -1.015873e+00
   endloop
 endfacet
 facet normal  0.000000e+00 -0.000000e+00 -1.000000e+00
   outer loop
     vertex  7.040163e-02 -9.452874e-03 -1.015873e+00
     vertex  1.518519e-01 -2.206349e-01 -1.015873e+00
     vertex -2.206349e-01 -2.206349e-01 -1.015873e+00
   endloop
 endfacet
 facet normal -0.000000e+00  0.000000e+00 -1.000000e+00
   outer loop
     vertex  7.040163e-02 -9.452874e-03 -1.015873e+00
     vertex -2.206349e-01 -2.206349e-01 -1.015873e+00
     vertex  4.643575e-02  6.116781e-03 -1.015873e+00
   endloop
 endfacet
 facet normal -0.000000e+00 -0.000000e+00 -1.000000e+00
   outer loop
     vertex  9.629973e-02 -2.153866e-02 -1.015873e+00
     vertex  1.518519e-01 -2.206349e-01 -1.015873e+00
     vertex  7.040163e-02 -9.452874e-03 -1.015873e+00
   endloop
 endfacet
 facet normal -0.000000e+00 -0.000000e+00 -1.000000e+00
   outer loop
     vertex -2.153866e-02  9.629973e-02 -1.015873e+00
     vertex -9.452874e-03  7.040163e-02 -1.015873e+00
     vertex -2.206349e-01  1.518519e-01 -1.015873e+00
   endloop
 endfacet
 facet normal -0.000000e+00 -0.000000e+00 -1.000000e+00
   outer loop
     vertex  1.236268e-01 -2.990573e-02 -1.015873e+00
     vertex  1.518519e-01 -2.206349e-01 -1.015873e+00
     vertex  9.629973e-02 -2.153866e-02 -1.015873e+00
   endloop
 endfacet
 facet normal -0.000000e+00 -0.000000e+00 -1.000000e+00
   outer loop
     vertex -2.990573e-02  1.236268e-01 -1.015873e+00
     vertex -2.153866e-02  9.629973e-02 -1.015873e+00
     vertex -2.206349e-01  1.518519e-01 -1.015873e+00
   endloop
 endfacet
 facet normal -0.000000e+00 -0.000000e+00 -1.000000e+00
   outer loop
     vertex  1.518519e-01 -3.439150e-02 -1.015873e+00
     vertex  1.518519e-01 -2.206349e-01 -1.015873e+00
     vertex  1.236268e-01 -2.990573e-02 -1.015873e+00
   endloop
 endfacet
 facet normal -0.000000e+00 -0.000000e+00 -1.000000e+00
   outer loop
     vertex -3.439150e-02  1.518519e-01 -1.015873e+00
     vertex -2.990573e-02  1.236268e-01 -1.015873e+00
     vertex -2.206349e-01  1.518519e-01 -1.015873e+00
   endloop
 endfacet
 facet normal  1.490285e-16  1.000000e+00  0.000000e+00
   outer loop
     vertex -2.206349e-01  1.518519e-01 -1.587302e-02
     vertex -3.439150e-02  1.518519e-01 -1.587301e-02
     vertex -3.439150e-02  1.518519e-01 -1.015873e+00
   endloop
 endfacet
 facet normal  1.490285e-16  1.000000e+00  0.000000e+00
   outer loop
     vertex -2.206349e-01  1.518519e-01 -1.587302e-02
     vertex -3.439150e-02  1.518519e-01 -1.015873e+00
     vertex -2.206349e-01  1.518519e-01 -1.015873e+00
   endloop
 endfacet
 facet normal  1.569589e-01  9.876051e-01  0.000000e+00
   outer loop
     vertex  1.236268e-01 -2.990573e-02 -1.587302e-02
     vertex  1.518519e-01 -3.439150e-02 -1.587302e-02
     vertex  1.518519e-01 -3.439150e-02 -1.015873e+00
   endloop
 endfacet
 facet normal  1.569589e-01  9.876051e-01  0.000000e+00
   outer loop
     vertex  1.236268e-01 -2.990573e-02 -1.587302e-02
     vertex  1.518519e-01 -3.439150e-02 -1.015873e+00
     vertex  1.236268e-01 -2.990573e-02 -1.015873e+00
   endloop
 endfacet
 facet normal  2.927666e-01  9.561839e-01  0.000000e+00
   outer loop
     vertex  9.629973e-02 -2.153866e-02 -1.587302e-02
     vertex  1.236268e-01 -2.990573e-02 -1.015873e+00
     vertex  9.629973e-02 -2.153866e-02 -1.015873e+00
   endloop
 endfacet
 facet normal  2.927666e-01  9.561839e-01  0.000000e+00
   outer loop
     vertex  9.629973e-02 -2.153866e-02 -1.587302e-02
     vertex  1.236268e-01 -2.990573e-02 -1.587302e-02
     vertex  1.236268e-01 -2.990573e-02 -1.015873e+00
   endloop
 endfacet
 facet normal  4.228856e-01  9.061831e-01  0.000000e+00
   outer loop
     vertex  7.040163e-02 -9.452874e-03 -1.587302e-02
     vertex  9.629973e-02 -2.153866e-02 -1.015873e+00
     vertex  7.040163e-02 -9.452874e-03 -1.015873e+00
   endloop
 endfacet
 facet normal  4.228856e-01  9.061831e-01  0.000000e+00
   outer loop
     vertex  7.040163e-02 -9.452874e-03 -1.587302e-02
     vertex  9.629973e-02 -2.153866e-02 -1.587302e-02
     vertex  9.629973e-02 -2.153866e-02 -1.015873e+00
   endloop
 endfacet
 facet normal  5.447875e-01  8.385742e-01  0.000000e+00
   outer loop
     vertex  4.643575e-02  6.116781e-03 -1.587302e-02
     vertex  7.040163e-02 -9.452874e-03 -1.015873e+00
     vertex  4.643575e-02  6.116781e-03 -1.015873e+00
   endloop
 endfacet
 facet normal  5.447875e-01  8.385742e-01  0.000000e+00
   outer loop
     vertex  4.643575e-02  6.116781e-03 -1.587302e-02
     vertex  7.040163e-02 -9.452874e-03 -1.587302e-02
     vertex  7.040163e-02 -9.452874e-03 -1.015873e+00
   endloop
 endfacet
 facet normal  6.561036e-01  7.546709e-01  0.000000e+00
   outer loop
     vertex  2.486777e-02  2.486777e-02 -1.587302e-02
     vertex  4.643575e-02  6.116781e-03 -1.015873e+00
     vertex  2.486777e-02  2.486777e-02 -1.015873e+00
   endloop
 endfacet
 facet normal  7.546709e-01  6.561036e-01  0.000000e+00
   outer loop
     vertex  2.486777e-02  2.486777e-02 -1.587302e-02
     vertex  2.486777e-02  2.486777e-02 -1.015873e+00
     vertex  6.116781e-03  4.643575e-02 -1.015873e+00
   endloop
 endfacet
 facet normal  6.561036e-01  7.546709e-01  0.000000e+00
   outer loop
     vertex  2.486777e-02  2.486777e-02 -1.587302e-02
     vertex  4.643575e-02  6.116781e-03 -1.587302e-02
     vertex  4.643575e-02  6.116781e-03 -1.015873e+00
   endloop
 endfacet
 facet normal  7.546709e-01  6.561036e-01  0.000000e+00
   outer loop
     vertex  6.116781e-03  4.643575e-02 -1.587302e-02
     vertex  2.486777e-02  2.486777e-02 -1.587302e-02
     vertex  6.116781e-03  4.643575e-02 -1.015873e+00
   endloop
 endfacet
 facet normal  8.385742e-01  5.447875e-01  0.000000e+00
   outer loop
     vertex -9.452874e-03  7.040163e-02 -1.587302e-02
     vertex  6.116781e-03  4.643575e-02 -1.015873e+00
     vertex -9.452874e-03  7.040163e-02 -1.015873e+00
   endloop
 endfacet
 facet normal  8.385742e-01  5.447875e-01  0.000000e+00
   outer loop
     vertex -9.452874e-03  7.040163e-02 -1.587302e-02
     vertex  6.116781e-03  4.643575e-02 -1.587302e-02
     vertex  6.116781e-03  4.643575e-02 -1.015873e+00
   endloop
 endfacet
 facet normal  9.061831e-01  4.228856e-01  0.000000e+00
   outer loop
     vertex -2.153866e-02  9.629973e-02 -1.587302e-02
     vertex -9.452874e-03  7.040163e-02 -1.015873e+00
     vertex -2.153866e-02  9.629973e-02 -1.015873e+00
   endloop
 endfacet
 facet normal  9.061831e-01  4.228856e-01  0.000000e+00
   outer loop
     vertex -2.153866e-02  9.629973e-02 -1.587302e-02
     vertex -9.452874e-03  7.040163e-02 -1.587302e-02
     vertex -9.452874e-03  7.040163e-02 -1.015873e+00
   endloop
 endfacet
 facet normal  9.561839e-01  2.927666e-01  0.000000e+00
   outer loop
     vertex -2.990573e-02  1.236268e-01 -1.587302e-02
     vertex -2.153866e-02  9.629973e-02 -1.015873e+00
     vertex -2.990573e-02  1.236268e-01 -1.015873e+00
   endloop
 endfacet
 facet normal  9.561839e-01  2.927666e-01  0.000000e+00
   outer loop
     vertex -2.990573e-02  1.236268e-01 -1.587302e-02
     vertex -2.153866e-02  9.629973e-02 -1.587302e-02
     vertex -2.153866e-02  9.629973e-02 -1.015873e+00
   endloop
 endfacet
 facet normal  9.876051e-01  1.569589e-01  0.000000e+00
   outer loop
     vertex -3.439150e-02  1.518519e-01 -1.587301e-02
     vertex -2.990573e-02  1.236268e-01 -1.015873e+00
     vertex -3.439150e-02  1.518519e-01 -1.015873e+00
   endloop
 endfacet
 facet normal  9.876051e-01  1.569589e-01  0.000000e+00
   outer loop
     vertex -3.439150e-02  1.518519e-01 -1.587301e-02
     vertex -2.990573e-02  1.236268e-01 -1.587302e-02
     vertex -2.990573e-02  1.236268e-01 -1.015873e+00
   endloop
 endfacet
endsolid
