solid 
 facet normal  0.000000e+00 -1.000000e+00  0.000000e+00
   outer loop
     vertex  3.051150e-02 -9.365077e-02 -1.587302e-02
     vertex -9.365077e-02 -9.365077e-02  9.841270e-01
     vertex -9.365077e-02 -9.365077e-02 -1.587302e-02
   endloop
 endfacet
 facet normal  0.000000e+00 -1.000000e+00  0.000000e+00
   outer loop
     vertex  3.051150e-02 -9.365077e-02 -1.587302e-02
     vertex  3.051150e-02 -9.365077e-02  9.841270e-01
     vertex -9.365077e-02 -9.365077e-02  9.841270e-01
   endloop
 endfacet
 facet normal -1.000000e+00  0.000000e+00  0.000000e+00
   outer loop
     vertex -9.365077e-02 -9.365077e-02 -1.587302e-02
     vertex -9.365077e-02  3.051150e-02  9.841270e-01
     vertex -9.365077e-02  3.051150e-02 -1.587302e-02
   endloop
 endfacet
 facet normal -1.000000e+00  0.000000e+00  0.000000e+00
   outer loop
     vertex -9.365077e-02 -9.365077e-02 -1.587302e-02
     vertex -9.365077e-02 -9.365077e-02  9.841270e-01
     vertex -9.365077e-02  3.051150e-02  9.841270e-01
   endloop
 endfacet
 facet normal  1.000000e+00  0.000000e+00  0.000000e+00
   outer loop
     vertex  3.051150e-02  3.051150e-02 -1.587302e-02
     vertex  3.051150e-02 -9.365077e-02  9.841270e-01
     vertex  3.051150e-02 -9.365077e-02 -1.587302e-02
   endloop
 endfacet
 facet normal  1.000000e+00  0.000000e+00 -0.000000e+00
   outer loop
     vertex  3.051150e-02  3.051150e-02 -1.587302e-02
     vertex  3.051150e-02  3.051150e-02  9.841270e-01
     vertex  3.051150e-02 -9.365077e-02  9.841270e-01
   endloop
 endfacet
 facet normal -0.000000e+00 -1.000000e+00  0.000000e+00
   outer loop
     vertex  3.051150e-02 -9.365077e-02 -1.587302e-02
     vertex -9.365077e-02 -9.365077e-02 -1.587302e-02
     vertex -9.365077e-02 -9.365077e-02 -3.174603e-02
   endloop
 endfacet
 facet normal  0.000000e+00 -1.000000e+00 -0.000000e+00
   outer loop
     vertex  3.051150e-02 -9.365077e-02 -1.587302e-02
     vertex -9.365077e-02 -9.365077e-02 -3.174603e-02
     vertex  3.051150e-02 -9.365077e-02 -3.174603e-02
   endloop
 endfacet
 facet normal  0.000000e+00  0.000000e+00  1.000000e+00
   outer loop
     vertex  3.051150e-02 -9.365077e-02  9.841270e-01
     vertex -7.389767e-02 -7.389767e-02  9.841270e-01
     vertex -9.365077e-02 -9.365077e-02  9.841270e-01
   endloop
 endfacet
 facet normal  0.000000e+00  0.000000e+00  1.000000e+00
   outer loop
     vertex -9.365077e-02  3.051150e-02  9.841270e-01
     vertex -9.365077e-02 -9.365077e-02  9.841270e-01
     vertex -7.389767e-02 -7.389767e-02  9.841270e-01
   endloop
 endfacet
 facet normal  0.000000e+00  0.000000e+00  1.000000e+00
   outer loop
     vertex  1.075841e-02 -7.389767e-02  9.841270e-01
     vertex -7.389767e-02 -7.389767e-02  9.841270e-01
     vertex  3.051150e-02 -9.365077e-02  9.841270e-01
   endloop
 endfacet
 facet normal  0.000000e+00  0.000000e+00  1.000000e+00
   outer loop
     vertex -7.389767e-02  1.075841e-02  9.841270e-01
     vertex -9.365077e-02  3.051150e-02  9.841270e-01
     vertex -7.389767e-02 -7.389767e-02  9.841270e-01
   endloop
 endfacet
 facet normal  0.000000e+00  0.000000e+00  1.000000e+00
   outer loop
     vertex  3.051150e-02  3.051150e-02  9.841270e-01
     vertex -7.389767e-02  1.075841e-02  9.841270e-01
     vertex  1.075841e-02  1.075841e-02  9.841270e-01
   endloop
 endfacet
 facet normal  0.000000e+00  0.000000e+00  1.000000e+00
   outer loop
     vertex  3.051150e-02  3.051150e-02  9.841270e-01
     vertex  1.075841e-02  1.075841e-02  9.841270e-01
     vertex  1.075841e-02 -7.389767e-02  9.841270e-01
   endloop
 endfacet
 facet normal  0.000000e+00  0.000000e+00  1.000000e+00
   outer loop
     vertex  3.051150e-02  3.051150e-02  9.841270e-01
     vertex  1.075841e-02 -7.389767e-02  9.841270e-01
     vertex  3.051150e-02 -9.365077e-02  9.841270e-01
   endloop
 endfacet
 facet normal  0.000000e+00  0.000000e+00  1.000000e+00
   outer loop
     vertex  3.051150e-02  3.051150e-02  9.841270e-01
     vertex -9.365077e-02  3.051150e-02  9.841270e-01
     vertex -7.389767e-02  1.075841e-02  9.841270e-01
   endloop
 endfacet
 facet normal  0.000000e+00  1.000000e+00  0.000000e+00
   outer loop
     vertex -9.365077e-02  3.051150e-02 -1.587302e-02
     vertex  3.051150e-02  3.051150e-02  9.841270e-01
     vertex  3.051150e-02  3.051150e-02 -1.587302e-02
   endloop
 endfacet
 facet normal  0.000000e+00  1.000000e+00  0.000000e+00
   outer loop
     vertex -9.365077e-02  3.051150e-02 -1.587302e-02
     vertex -9.365077e-02  3.051150e-02  9.841270e-01
     vertex  3.051150e-02  3.051150e-02  9.841270e-01
   endloop
 endfacet
 facet normal -1.000000e+00  0.000000e+00  0.000000e+00
   outer loop
     vertex -9.365077e-02 -9.365077e-02 -1.587302e-02
     vertex -9.365077e-02  3.051150e-02 -1.587302e-02
     vertex -9.365077e-02  3.051150e-02 -3.174603e-02
   endloop
 endfacet
 facet normal -1.000000e+00  0.000000e+00  0.000000e+00
   outer loop
     vertex -9.365077e-02 -9.365077e-02 -1.587302e-02
     vertex -9.365077e-02  3.051150e-02 -3.174603e-02
     vertex -9.365077e-02 -9.365077e-02 -3.174603e-02
   endloop
 endfacet
 facet normal  1.000000e+00  0.000000e+00  0.000000e+00
   outer loop
     vertex  3.051150e-02  3.051150e-02 -1.587302e-02
     vertex  3.051150e-02 -9.365077e-02 -1.587302e-02
     vertex  3.051150e-02 -9.365077e-02 -3.174603e-02
   endloop
 endfacet
 facet normal  1.000000e+00  0.000000e+00  0.000000e+00
   outer loop
     vertex  3.051150e-02  3.051150e-02 -1.587302e-02
     vertex  3.051150e-02 -9.365077e-02 -3.174603e-02
     vertex  3.051150e-02  3.051150e-02 -3.174603e-02
   endloop
 endfacet
 facet normal  0.000000e+00  0.000000e+00 -1.000000e+00
   outer loop
     vertex  3.051150e-02 -9.365077e-02 -3.174603e-02
     vertex -9.365077e-02 -9.365077e-02 -3.174603e-02
     vertex -7.389767e-02 -7.389767e-02 -3.174603e-02
   endloop
 endfacet
 facet normal  0.000000e+00  0.000000e+00 -1.000000e+00
   outer loop
     vertex -9.365077e-02  3.051150e-02 -3.174603e-02
     vertex -7.389767e-02 -7.389767e-02 -3.174603e-02
     vertex -9.365077e-02 -9.365077e-02 -3.174603e-02
   endloop
 endfacet
 facet normal -0.000000e+00 -0.000000e+00 -1.000000e+00
   outer loop
     vertex  1.075841e-02 -7.389767e-02 -3.174603e-02
     vertex  3.051150e-02 -9.365077e-02 -3.174603e-02
     vertex -7.389767e-02 -7.389767e-02 -3.174603e-02
   endloop
 endfacet
 facet normal -0.000000e+00 -0.000000e+00 -1.000000e+00
   outer loop
     vertex -7.389767e-02  1.075841e-02 -3.174603e-02
     vertex -7.389767e-02 -7.389767e-02 -3.174603e-02
     vertex -9.365077e-02  3.051150e-02 -3.174603e-02
   endloop
 endfacet
 facet normal  0.000000e+00  0.000000e+00 -1.000000e+00
   outer loop
     vertex  3.051150e-02  3.051150e-02 -3.174603e-02
     vertex  1.075841e-02  1.075841e-02 -3.174603e-02
     vertex -7.389767e-02  1.075841e-02 -3.174603e-02
   endloop
 endfacet
 facet normal  0.000000e+00  0.000000e+00 -1.000000e+00
   outer loop
     vertex  3.051150e-02  3.051150e-02 -3.174603e-02
     vertex  1.075841e-02 -7.389767e-02 -3.174603e-02
     vertex  1.075841e-02  1.075841e-02 -3.174603e-02
   endloop
 endfacet
 facet normal  0.000000e+00 -0.000000e+00 -1.000000e+00
   outer loop
     vertex  3.051150e-02  3.051150e-02 -3.174603e-02
     vertex  3.051150e-02 -9.365077e-02 -3.174603e-02
     vertex  1.075841e-02 -7.389767e-02 -3.174603e-02
   endloop
 endfacet
 facet normal -0.000000e+00  0.000000e+00 -1.000000e+00
   outer loop
     vertex  3.051150e-02  3.051150e-02 -3.174603e-02
     vertex -7.389767e-02  1.075841e-02 -3.174603e-02
     vertex -9.365077e-02  3.051150e-02 -3.174603e-02
   endloop
 endfacet
 facet normal  0.000000e+00  1.000000e+00  0.000000e+00
   outer loop
     vertex  1.075841e-02 -7.389767e-02 -1.587302e-02
     vertex -7.389767e-02 -7.389767e-02 -1.587302e-02
     vertex -7.389767e-02 -7.389767e-02  9.841270e-01
   endloop
 endfacet
 facet normal  0.000000e+00  1.000000e+00 -0.000000e+00
   outer loop
     vertex  1.075841e-02 -7.389767e-02 -1.587302e-02
     vertex -7.389767e-02 -7.389767e-02  9.841270e-01
     vertex  1.075841e-02 -7.389767e-02  9.841270e-01
   endloop
 endfacet
 facet normal -1.000000e+00  0.000000e+00  0.000000e+00
   outer loop
     vertex  1.075841e-02  1.075841e-02 -1.587302e-02
     vertex  1.075841e-02 -7.389767e-02 -1.587302e-02
     vertex  1.075841e-02 -7.389767e-02  9.841270e-01
   endloop
 endfacet
 facet normal -1.000000e+00  0.000000e+00  0.000000e+00
   outer loop
     vertex  1.075841e-02  1.075841e-02 -1.587302e-02
     vertex  1.075841e-02 -7.389767e-02  9.841270e-01
     vertex  1.075841e-02  1.075841e-02  9.841270e-01
   endloop
 endfacet
 facet normal  0.000000e+00 -1.000000e+00  0.000000e+00
   outer loop
     vertex -7.389767e-02  1.075841e-02 -1.587302e-02
     vertex  1.075841e-02  1.075841e-02 -1.587302e-02
     vertex  1.075841e-02  1.075841e-02  9.841270e-01
   endloop
 endfacet
 facet normal  0.000000e+00 -1.000000e+00  0.000000e+00
   outer loop
     vertex -7.389767e-02  1.075841e-02 -1.587302e-02
     vertex  1.075841e-02  1.075841e-02  9.841270e-01
     vertex -7.389767e-02  1.075841e-02  9.841270e-01
   endloop
 endfacet
 facet normal  1.000000e+00  0.000000e+00  0.000000e+00
   outer loop
     vertex -7.389767e-02 -7.389767e-02 -1.587302e-02
     vertex -7.389767e-02  1.075841e-02 -1.587302e-02
     vertex -7.389767e-02  1.075841e-02  9.841270e-01
   endloop
 endfacet
 facet normal  1.000000e+00  0.000000e+00  0.000000e+00
   outer loop
     vertex -7.389767e-02 -7.389767e-02 -1.587302e-02
     vertex -7.389767e-02  1.075841e-02  9.841270e-01
     vertex -7.389767e-02 -7.389767e-02  9.841270e-01
   endloop
 endfacet
 facet normal -0.000000e+00  1.000000e+00  0.000000e+00
   outer loop
     vertex -9.365077e-02  3.051150e-02 -1.587302e-02
     vertex  3.051150e-02  3.051150e-02 -1.587302e-02
     vertex  3.051150e-02  3.051150e-02 -3.174603e-02
   endloop
 endfacet
 facet normal  0.000000e+00  1.000000e+00  0.000000e+00
   outer loop
     vertex -9.365077e-02  3.051150e-02 -1.587302e-02
     vertex  3.051150e-02  3.051150e-02 -3.174603e-02
     vertex -9.365077e-02  3.051150e-02 -3.174603e-02
   endloop
 endfacet
 facet normal  0.000000e+00  1.000000e+00  0.000000e+00
   outer loop
     vertex  1.075841e-02 -7.389767e-02 -1.587302e-02
     vertex -7.389767e-02 -7.389767e-02 -3.174603e-02
     vertex -7.389767e-02 -7.389767e-02 -1.587302e-02
   endloop
 endfacet
 facet normal  0.000000e+00  1.000000e+00  0.000000e+00
   outer loop
     vertex  1.075841e-02 -7.389767e-02 -1.587302e-02
     vertex  1.075841e-02 -7.389767e-02 -3.174603e-02
     vertex -7.389767e-02 -7.389767e-02 -3.174603e-02
   endloop
 endfacet
 facet normal -1.000000e+00 -0.000000e+00  0.000000e+00
   outer loop
     vertex  1.075841e-02  1.075841e-02 -1.587302e-02
     vertex  1.075841e-02 -7.389767e-02 -3.174603e-02
     vertex  1.075841e-02 -7.389767e-02 -1.587302e-02
   endloop
 endfacet
 facet normal -1.000000e+00  0.000000e+00 -0.000000e+00
   outer loop
     vertex  1.075841e-02  1.075841e-02 -1.587302e-02
     vertex  1.075841e-02  1.075841e-02 -3.174603e-02
     vertex  1.075841e-02 -7.389767e-02 -3.174603e-02
   endloop
 endfacet
 facet normal  0.000000e+00 -1.000000e+00  0.000000e+00
   outer loop
     vertex -7.389767e-02  1.075841e-02 -1.587302e-02
     vertex  1.075841e-02  1.075841e-02 -3.174603e-02
     vertex  1.075841e-02  1.075841e-02 -1.587302e-02
   endloop
 endfacet
 facet normal  0.000000e+00 -1.000000e+00  0.000000e+00
   outer loop
     vertex -7.389767e-02  1.075841e-02 -1.587302e-02
     vertex -7.389767e-02  1.075841e-02 -3.174603e-02
     vertex  1.075841e-02  1.075841e-02 -3.174603e-02
   endloop
 endfacet
 facet normal  1.000000e+00 -0.000000e+00  0.000000e+00
   outer loop
     vertex -7.389767e-02 -7.389767e-02 -1.587302e-02
     vertex -7.389767e-02  1.075841e-02 -3.174603e-02
     vertex -7.389767e-02  1.075841e-02 -1.587302e-02
   endloop
 endfacet
 facet normal  1.000000e+00  0.000000e+00  0.000000e+00
   outer loop
     vertex -7.389767e-02 -7.389767e-02 -1.587302e-02
     vertex -7.389767e-02 -7.389767e-02 -3.174603e-02
     vertex -7.389767e-02  1.075841e-02 -3.174603e-02
   endloop
 endfacet
endsolid
