solid 
 facet normal  0.000000e+00 -1.000000e+00  0.000000e+00
   outer loop
     vertex  6.827161e-01 -7.761905e-01 -1.587302e-02
     vertex -7.761905e-01 -7.761905e-01  9.841270e-01
     vertex -7.761905e-01 -7.761905e-01 -1.587302e-02
   endloop
 endfacet
 facet normal  0.000000e+00 -1.000000e+00  0.000000e+00
   outer loop
     vertex  6.827161e-01 -7.761905e-01 -1.587302e-02
     vertex  6.827161e-01 -7.761905e-01  9.841270e-01
     vertex -7.761905e-01 -7.761905e-01  9.841270e-01
   endloop
 endfacet
 facet normal -1.000000e+00  0.000000e+00  0.000000e+00
   outer loop
     vertex -7.761905e-01 -7.761905e-01 -1.587302e-02
     vertex -7.761905e-01  6.827161e-01  9.841270e-01
     vertex -7.761905e-01  6.827161e-01 -1.587302e-02
   endloop
 endfacet
 facet normal -1.000000e+00  0.000000e+00  0.000000e+00
   outer loop
     vertex -7.761905e-01 -7.761905e-01 -1.587302e-02
     vertex -7.761905e-01 -7.761905e-01  9.841270e-01
     vertex -7.761905e-01  6.827161e-01  9.841270e-01
   endloop
 endfacet
 facet normal  1.000000e+00  0.000000e+00  0.000000e+00
   outer loop
     vertex  6.827161e-01  6.827161e-01 -1.587302e-02
     vertex  6.827161e-01 -7.761905e-01  9.841270e-01
     vertex  6.827161e-01 -7.761905e-01 -1.587302e-02
   endloop
 endfacet
 facet normal  1.000000e+00  0.000000e+00 -0.000000e+00
   outer loop
     vertex  6.827161e-01  6.827161e-01 -1.587302e-02
     vertex  6.827161e-01  6.827161e-01  9.841270e-01
     vertex  6.827161e-01 -7.761905e-01  9.841270e-01
   endloop
 endfacet
 facet normal -0.000000e+00 -1.000000e+00  0.000000e+00
   outer loop
     vertex  6.827161e-01 -7.761905e-01 -1.587302e-02
     vertex -7.761905e-01 -7.761905e-01 -1.587302e-02
     vertex -7.761905e-01 -7.761905e-01 -3.174603e-02
   endloop
 endfacet
 facet normal  0.000000e+00 -1.000000e+00 -0.000000e+00
   outer loop
     vertex  6.827161e-01 -7.761905e-01 -1.587302e-02
     vertex -7.761905e-01 -7.761905e-01 -3.174603e-02
     vertex  6.827161e-01 -7.761905e-01 -3.174603e-02
   endloop
 endfacet
 facet normal  0.000000e+00  0.000000e+00  1.000000e+00
   outer loop
     vertex -2.907869e-01 -3.177819e-01  9.841270e-01
     vertex -3.177819e-01 -2.907869e-01  9.841270e-01
     vertex -7.761905e-01 -7.761905e-01  9.841270e-01
   endloop
 endfacet
 facet normal  0.000000e+00  0.000000e+00  1.000000e+00
   outer loop
     vertex -3.418072e-01 -2.611181e-01  9.841270e-01
     vertex -7.761905e-01 -7.761905e-01  9.841270e-01
     vertex -3.177819e-01 -2.907869e-01  9.841270e-01
   endloop
 endfacet
 facet normal  0.000000e+00  0.000000e+00  1.000000e+00
   outer loop
     vertex -2.611181e-01 -3.418072e-01  9.841270e-01
     vertex -2.907869e-01 -3.177819e-01  9.841270e-01
     vertex -7.761905e-01 -7.761905e-01  9.841270e-01
   endloop
 endfacet
 facet normal  0.000000e+00  0.000000e+00  1.000000e+00
   outer loop
     vertex -3.625997e-01 -2.291005e-01  9.841270e-01
     vertex -7.761905e-01 -7.761905e-01  9.841270e-01
     vertex -3.418072e-01 -2.611181e-01  9.841270e-01
   endloop
 endfacet
 facet normal  0.000000e+00  0.000000e+00  1.000000e+00
   outer loop
     vertex -2.291005e-01 -3.625997e-01  9.841270e-01
     vertex -2.611181e-01 -3.418072e-01  9.841270e-01
     vertex -7.761905e-01 -7.761905e-01  9.841270e-01
   endloop
 endfacet
 facet normal  0.000000e+00  0.000000e+00  1.000000e+00
   outer loop
     vertex -3.799315e-01 -1.950849e-01  9.841270e-01
     vertex -7.761905e-01 -7.761905e-01  9.841270e-01
     vertex -3.625997e-01 -2.291005e-01  9.841270e-01
   endloop
 endfacet
 facet normal  0.000000e+00  0.000000e+00  1.000000e+00
   outer loop
     vertex -1.950849e-01 -3.799315e-01  9.841270e-01
     vertex -2.291005e-01 -3.625997e-01  9.841270e-01
     vertex -7.761905e-01 -7.761905e-01  9.841270e-01
   endloop
 endfacet
 facet normal  0.000000e+00  0.000000e+00  1.000000e+00
   outer loop
     vertex -3.936128e-01 -1.594439e-01  9.841270e-01
     vertex -7.761905e-01 -7.761905e-01  9.841270e-01
     vertex -3.799315e-01 -1.950849e-01  9.841270e-01
   endloop
 endfacet
 facet normal  0.000000e+00  0.000000e+00  1.000000e+00
   outer loop
     vertex -1.594439e-01 -3.936128e-01  9.841270e-01
     vertex -1.950849e-01 -3.799315e-01  9.841270e-01
     vertex -7.761905e-01 -7.761905e-01  9.841270e-01
   endloop
 endfacet
 facet normal  0.000000e+00  0.000000e+00  1.000000e+00
   outer loop
     vertex -4.034937e-01 -1.225681e-01  9.841270e-01
     vertex -7.761905e-01 -7.761905e-01  9.841270e-01
     vertex -3.936128e-01 -1.594439e-01  9.841270e-01
   endloop
 endfacet
 facet normal  0.000000e+00  0.000000e+00  1.000000e+00
   outer loop
     vertex -1.225681e-01 -4.034937e-01  9.841270e-01
     vertex -1.594439e-01 -3.936128e-01  9.841270e-01
     vertex -7.761905e-01 -7.761905e-01  9.841270e-01
   endloop
 endfacet
 facet normal  0.000000e+00  0.000000e+00  1.000000e+00
   outer loop
     vertex -4.094658e-01 -8.486150e-02  9.841270e-01
     vertex -7.761905e-01 -7.761905e-01  9.841270e-01
     vertex -4.034937e-01 -1.225681e-01  9.841270e-01
   endloop
 endfacet
 facet normal  0.000000e+00  0.000000e+00  1.000000e+00
   outer loop
     vertex -8.486150e-02 -4.094658e-01  9.841270e-01
     vertex -1.225681e-01 -4.034937e-01  9.841270e-01
     vertex -7.761905e-01 -7.761905e-01  9.841270e-01
   endloop
 endfacet
 facet normal  0.000000e+00  0.000000e+00  1.000000e+00
   outer loop
     vertex -4.673718e-02 -4.114638e-01  9.841270e-01
     vertex -8.486150e-02 -4.094658e-01  9.841270e-01
     vertex -7.761905e-01 -7.761905e-01  9.841270e-01
   endloop
 endfacet
 facet normal  0.000000e+00  0.000000e+00  1.000000e+00
   outer loop
     vertex -4.114638e-01 -4.673718e-02  9.841270e-01
     vertex -7.761905e-01 -7.761905e-01  9.841270e-01
     vertex -4.094658e-01 -8.486150e-02  9.841270e-01
   endloop
 endfacet
 facet normal  0.000000e+00  0.000000e+00  1.000000e+00
   outer loop
     vertex -7.761905e-01  6.827161e-01  9.841270e-01
     vertex -7.761905e-01 -7.761905e-01  9.841270e-01
     vertex -4.114638e-01 -4.673718e-02  9.841270e-01
   endloop
 endfacet
 facet normal  0.000000e+00  0.000000e+00  1.000000e+00
   outer loop
     vertex -7.761905e-01  6.827161e-01  9.841270e-01
     vertex -3.418072e-01  1.676438e-01  9.841270e-01
     vertex -3.177819e-01  1.973126e-01  9.841270e-01
   endloop
 endfacet
 facet normal  0.000000e+00  0.000000e+00  1.000000e+00
   outer loop
     vertex -7.761905e-01  6.827161e-01  9.841270e-01
     vertex -3.625997e-01  1.356261e-01  9.841270e-01
     vertex -3.418072e-01  1.676438e-01  9.841270e-01
   endloop
 endfacet
 facet normal  0.000000e+00  0.000000e+00  1.000000e+00
   outer loop
     vertex -7.761905e-01  6.827161e-01  9.841270e-01
     vertex -3.799315e-01  1.016105e-01  9.841270e-01
     vertex -3.625997e-01  1.356261e-01  9.841270e-01
   endloop
 endfacet
 facet normal  0.000000e+00  0.000000e+00  1.000000e+00
   outer loop
     vertex -7.761905e-01  6.827161e-01  9.841270e-01
     vertex -3.936128e-01  6.596955e-02  9.841270e-01
     vertex -3.799315e-01  1.016105e-01  9.841270e-01
   endloop
 endfacet
 facet normal  0.000000e+00  0.000000e+00  1.000000e+00
   outer loop
     vertex -7.761905e-01  6.827161e-01  9.841270e-01
     vertex -4.034937e-01  2.909375e-02  9.841270e-01
     vertex -3.936128e-01  6.596955e-02  9.841270e-01
   endloop
 endfacet
 facet normal  0.000000e+00  0.000000e+00  1.000000e+00
   outer loop
     vertex -7.761905e-01  6.827161e-01  9.841270e-01
     vertex -4.094658e-01 -8.612866e-03  9.841270e-01
     vertex -4.034937e-01  2.909375e-02  9.841270e-01
   endloop
 endfacet
 facet normal  0.000000e+00  0.000000e+00  1.000000e+00
   outer loop
     vertex -7.761905e-01  6.827161e-01  9.841270e-01
     vertex -4.114638e-01 -4.673718e-02  9.841270e-01
     vertex -4.094658e-01 -8.612866e-03  9.841270e-01
   endloop
 endfacet
 facet normal  0.000000e+00  0.000000e+00  1.000000e+00
   outer loop
     vertex  6.827161e-01 -7.761905e-01  9.841270e-01
     vertex -8.612866e-03 -4.094658e-01  9.841270e-01
     vertex -4.673718e-02 -4.114638e-01  9.841270e-01
   endloop
 endfacet
 facet normal  0.000000e+00  0.000000e+00  1.000000e+00
   outer loop
     vertex  6.827161e-01 -7.761905e-01  9.841270e-01
     vertex  2.909375e-02 -4.034937e-01  9.841270e-01
     vertex -8.612866e-03 -4.094658e-01  9.841270e-01
   endloop
 endfacet
 facet normal  0.000000e+00  0.000000e+00  1.000000e+00
   outer loop
     vertex  6.827161e-01 -7.761905e-01  9.841270e-01
     vertex  6.596955e-02 -3.936128e-01  9.841270e-01
     vertex  2.909375e-02 -4.034937e-01  9.841270e-01
   endloop
 endfacet
 facet normal  0.000000e+00  0.000000e+00  1.000000e+00
   outer loop
     vertex  6.827161e-01 -7.761905e-01  9.841270e-01
     vertex  1.016105e-01 -3.799315e-01  9.841270e-01
     vertex  6.596955e-02 -3.936128e-01  9.841270e-01
   endloop
 endfacet
 facet normal  0.000000e+00  0.000000e+00  1.000000e+00
   outer loop
     vertex  6.827161e-01 -7.761905e-01  9.841270e-01
     vertex  1.356261e-01 -3.625997e-01  9.841270e-01
     vertex  1.016105e-01 -3.799315e-01  9.841270e-01
   endloop
 endfacet
 facet normal  0.000000e+00  0.000000e+00  1.000000e+00
   outer loop
     vertex  6.827161e-01 -7.761905e-01  9.841270e-01
     vertex  1.676438e-01 -3.418072e-01  9.841270e-01
     vertex  1.356261e-01 -3.625997e-01  9.841270e-01
   endloop
 endfacet
 facet normal  0.000000e+00  0.000000e+00  1.000000e+00
   outer loop
     vertex  6.827161e-01 -7.761905e-01  9.841270e-01
     vertex  1.973126e-01 -3.177819e-01  9.841270e-01
     vertex  1.676438e-01 -3.418072e-01  9.841270e-01
   endloop
 endfacet
 facet normal  0.000000e+00  0.000000e+00  1.000000e+00
   outer loop
     vertex  6.827161e-01 -7.761905e-01  9.841270e-01
     vertex -4.673718e-02 -4.114638e-01  9.841270e-01
     vertex -7.761905e-01 -7.761905e-01  9.841270e-01
   endloop
 endfacet
 facet normal  0.000000e+00  0.000000e+00  1.000000e+00
   outer loop
     vertex  2.243075e-01 -2.907869e-01  9.841270e-01
     vertex  1.973126e-01 -3.177819e-01  9.841270e-01
     vertex  6.827161e-01 -7.761905e-01  9.841270e-01
   endloop
 endfacet
 facet normal  0.000000e+00  0.000000e+00  1.000000e+00
   outer loop
     vertex -2.907869e-01  2.243075e-01  9.841270e-01
     vertex -7.761905e-01  6.827161e-01  9.841270e-01
     vertex -3.177819e-01  1.973126e-01  9.841270e-01
   endloop
 endfacet
 facet normal  0.000000e+00  0.000000e+00  1.000000e+00
   outer loop
     vertex  2.483329e-01 -2.611181e-01  9.841270e-01
     vertex  2.243075e-01 -2.907869e-01  9.841270e-01
     vertex  6.827161e-01 -7.761905e-01  9.841270e-01
   endloop
 endfacet
 facet normal  0.000000e+00  0.000000e+00  1.000000e+00
   outer loop
     vertex -2.611181e-01  2.483329e-01  9.841270e-01
     vertex -7.761905e-01  6.827161e-01  9.841270e-01
     vertex -2.907869e-01  2.243075e-01  9.841270e-01
   endloop
 endfacet
 facet normal  0.000000e+00  0.000000e+00  1.000000e+00
   outer loop
     vertex  2.691254e-01 -2.291005e-01  9.841270e-01
     vertex  2.483329e-01 -2.611181e-01  9.841270e-01
     vertex  6.827161e-01 -7.761905e-01  9.841270e-01
   endloop
 endfacet
 facet normal  0.000000e+00  0.000000e+00  1.000000e+00
   outer loop
     vertex -2.291005e-01  2.691254e-01  9.841270e-01
     vertex -7.761905e-01  6.827161e-01  9.841270e-01
     vertex -2.611181e-01  2.483329e-01  9.841270e-01
   endloop
 endfacet
 facet normal  0.000000e+00  0.000000e+00  1.000000e+00
   outer loop
     vertex  2.864572e-01 -1.950849e-01  9.841270e-01
     vertex  2.691254e-01 -2.291005e-01  9.841270e-01
     vertex  6.827161e-01 -7.761905e-01  9.841270e-01
   endloop
 endfacet
 facet normal  0.000000e+00  0.000000e+00  1.000000e+00
   outer loop
     vertex -1.950849e-01  2.864572e-01  9.841270e-01
     vertex -7.761905e-01  6.827161e-01  9.841270e-01
     vertex -2.291005e-01  2.691254e-01  9.841270e-01
   endloop
 endfacet
 facet normal  0.000000e+00  0.000000e+00  1.000000e+00
   outer loop
     vertex  3.001385e-01 -1.594439e-01  9.841270e-01
     vertex  2.864572e-01 -1.950849e-01  9.841270e-01
     vertex  6.827161e-01 -7.761905e-01  9.841270e-01
   endloop
 endfacet
 facet normal  0.000000e+00  0.000000e+00  1.000000e+00
   outer loop
     vertex -1.594439e-01  3.001385e-01  9.841270e-01
     vertex -7.761905e-01  6.827161e-01  9.841270e-01
     vertex -1.950849e-01  2.864572e-01  9.841270e-01
   endloop
 endfacet
 facet normal  0.000000e+00  0.000000e+00  1.000000e+00
   outer loop
     vertex  3.100193e-01 -1.225681e-01  9.841270e-01
     vertex  3.001385e-01 -1.594439e-01  9.841270e-01
     vertex  6.827161e-01 -7.761905e-01  9.841270e-01
   endloop
 endfacet
 facet normal  0.000000e+00  0.000000e+00  1.000000e+00
   outer loop
     vertex -1.225681e-01  3.100193e-01  9.841270e-01
     vertex -7.761905e-01  6.827161e-01  9.841270e-01
     vertex -1.594439e-01  3.001385e-01  9.841270e-01
   endloop
 endfacet
 facet normal  0.000000e+00  0.000000e+00  1.000000e+00
   outer loop
     vertex  3.159914e-01 -8.486150e-02  9.841270e-01
     vertex  3.100193e-01 -1.225681e-01  9.841270e-01
     vertex  6.827161e-01 -7.761905e-01  9.841270e-01
   endloop
 endfacet
 facet normal  0.000000e+00  0.000000e+00  1.000000e+00
   outer loop
     vertex -8.486150e-02  3.159914e-01  9.841270e-01
     vertex -7.761905e-01  6.827161e-01  9.841270e-01
     vertex -1.225681e-01  3.100193e-01  9.841270e-01
   endloop
 endfacet
 facet normal  0.000000e+00  0.000000e+00  1.000000e+00
   outer loop
     vertex  3.179895e-01 -4.673718e-02  9.841270e-01
     vertex  3.159914e-01 -8.486150e-02  9.841270e-01
     vertex  6.827161e-01 -7.761905e-01  9.841270e-01
   endloop
 endfacet
 facet normal  0.000000e+00  0.000000e+00  1.000000e+00
   outer loop
     vertex -4.673718e-02  3.179895e-01  9.841270e-01
     vertex -7.761905e-01  6.827161e-01  9.841270e-01
     vertex -8.486150e-02  3.159914e-01  9.841270e-01
   endloop
 endfacet
 facet normal  0.000000e+00  0.000000e+00  1.000000e+00
   outer loop
     vertex  6.827161e-01  6.827161e-01  9.841270e-01
     vertex  3.159914e-01 -8.612866e-03  9.841270e-01
     vertex  3.179895e-01 -4.673718e-02  9.841270e-01
   endloop
 endfacet
 facet normal  0.000000e+00  0.000000e+00  1.000000e+00
   outer loop
     vertex  6.827161e-01  6.827161e-01  9.841270e-01
     vertex  3.100193e-01  2.909375e-02  9.841270e-01
     vertex  3.159914e-01 -8.612866e-03  9.841270e-01
   endloop
 endfacet
 facet normal  0.000000e+00  0.000000e+00  1.000000e+00
   outer loop
     vertex  6.827161e-01  6.827161e-01  9.841270e-01
     vertex  3.001385e-01  6.596955e-02  9.841270e-01
     vertex  3.100193e-01  2.909375e-02  9.841270e-01
   endloop
 endfacet
 facet normal  0.000000e+00  0.000000e+00  1.000000e+00
   outer loop
     vertex  6.827161e-01  6.827161e-01  9.841270e-01
     vertex  2.864572e-01  1.016105e-01  9.841270e-01
     vertex  3.001385e-01  6.596955e-02  9.841270e-01
   endloop
 endfacet
 facet normal  0.000000e+00  0.000000e+00  1.000000e+00
   outer loop
     vertex  6.827161e-01  6.827161e-01  9.841270e-01
     vertex  2.691254e-01  1.356261e-01  9.841270e-01
     vertex  2.864572e-01  1.016105e-01  9.841270e-01
   endloop
 endfacet
 facet normal  0.000000e+00  0.000000e+00  1.000000e+00
   outer loop
     vertex  6.827161e-01  6.827161e-01  9.841270e-01
     vertex  2.483329e-01  1.676438e-01  9.841270e-01
     vertex  2.691254e-01  1.356261e-01  9.841270e-01
   endloop
 endfacet
 facet normal  0.000000e+00  0.000000e+00  1.000000e+00
   outer loop
     vertex  6.827161e-01  6.827161e-01  9.841270e-01
     vertex  2.243075e-01  1.973126e-01  9.841270e-01
     vertex  2.483329e-01  1.676438e-01  9.841270e-01
   endloop
 endfacet
 facet normal  0.000000e+00  0.000000e+00  1.000000e+00
   outer loop
     vertex  6.827161e-01  6.827161e-01  9.841270e-01
     vertex  1.973126e-01  2.243075e-01  9.841270e-01
     vertex  2.243075e-01  1.973126e-01  9.841270e-01
   endloop
 endfacet
 facet normal  0.000000e+00  0.000000e+00  1.000000e+00
   outer loop
     vertex  6.827161e-01  6.827161e-01  9.841270e-01
     vertex  1.676438e-01  2.483329e-01  9.841270e-01
     vertex  1.973126e-01  2.243075e-01  9.841270e-01
   endloop
 endfacet
 facet normal  0.000000e+00  0.000000e+00  1.000000e+00
   outer loop
     vertex  6.827161e-01  6.827161e-01  9.841270e-01
     vertex  1.356261e-01  2.691254e-01  9.841270e-01
     vertex  1.676438e-01  2.483329e-01  9.841270e-01
   endloop
 endfacet
 facet normal  0.000000e+00  0.000000e+00  1.000000e+00
   outer loop
     vertex  6.827161e-01  6.827161e-01  9.841270e-01
     vertex  1.016105e-01  2.864572e-01  9.841270e-01
     vertex  1.356261e-01  2.691254e-01  9.841270e-01
   endloop
 endfacet
 facet normal  0.000000e+00  0.000000e+00  1.000000e+00
   outer loop
     vertex  6.827161e-01  6.827161e-01  9.841270e-01
     vertex  6.596955e-02  3.001385e-01  9.841270e-01
     vertex  1.016105e-01  2.864572e-01  9.841270e-01
   endloop
 endfacet
 facet normal  0.000000e+00  0.000000e+00  1.000000e+00
   outer loop
     vertex  6.827161e-01  6.827161e-01  9.841270e-01
     vertex  2.909375e-02  3.100193e-01  9.841270e-01
     vertex  6.596955e-02  3.001385e-01  9.841270e-01
   endloop
 endfacet
 facet normal  0.000000e+00  0.000000e+00  1.000000e+00
   outer loop
     vertex  6.827161e-01  6.827161e-01  9.841270e-01
     vertex -8.612866e-03  3.159914e-01  9.841270e-01
     vertex  2.909375e-02  3.100193e-01  9.841270e-01
   endloop
 endfacet
 facet normal  0.000000e+00  0.000000e+00  1.000000e+00
   outer loop
     vertex  6.827161e-01  6.827161e-01  9.841270e-01
     vertex -4.673718e-02  3.179895e-01  9.841270e-01
     vertex -8.612866e-03  3.159914e-01  9.841270e-01
   endloop
 endfacet
 facet normal  0.000000e+00  0.000000e+00  1.000000e+00
   outer loop
     vertex  6.827161e-01  6.827161e-01  9.841270e-01
     vertex  3.179895e-01 -4.673718e-02  9.841270e-01
     vertex  6.827161e-01 -7.761905e-01  9.841270e-01
   endloop
 endfacet
 facet normal  0.000000e+00  0.000000e+00  1.000000e+00
   outer loop
     vertex  6.827161e-01  6.827161e-01  9.841270e-01
     vertex -7.761905e-01  6.827161e-01  9.841270e-01
     vertex -4.673718e-02  3.179895e-01  9.841270e-01
   endloop
 endfacet
 facet normal  0.000000e+00  1.000000e+00  0.000000e+00
   outer loop
     vertex -7.761905e-01  6.827161e-01 -1.587302e-02
     vertex  6.827161e-01  6.827161e-01  9.841270e-01
     vertex  6.827161e-01  6.827161e-01 -1.587302e-02
   endloop
 endfacet
 facet normal  0.000000e+00  1.000000e+00  0.000000e+00
   outer loop
     vertex -7.761905e-01  6.827161e-01 -1.587302e-02
     vertex -7.761905e-01  6.827161e-01  9.841270e-01
     vertex  6.827161e-01  6.827161e-01  9.841270e-01
   endloop
 endfacet
 facet normal -1.000000e+00  0.000000e+00  0.000000e+00
   outer loop
     vertex -7.761905e-01 -7.761905e-01 -1.587302e-02
     vertex -7.761905e-01  6.827161e-01 -1.587302e-02
     vertex -7.761905e-01  6.827161e-01 -3.174603e-02
   endloop
 endfacet
 facet normal -1.000000e+00  0.000000e+00  0.000000e+00
   outer loop
     vertex -7.761905e-01 -7.761905e-01 -1.587302e-02
     vertex -7.761905e-01  6.827161e-01 -3.174603e-02
     vertex -7.761905e-01 -7.761905e-01 -3.174603e-02
   endloop
 endfacet
 facet normal  1.000000e+00  0.000000e+00  0.000000e+00
   outer loop
     vertex  6.827161e-01  6.827161e-01 -1.587302e-02
     vertex  6.827161e-01 -7.761905e-01 -1.587302e-02
     vertex  6.827161e-01 -7.761905e-01 -3.174603e-02
   endloop
 endfacet
 facet normal  1.000000e+00  0.000000e+00  0.000000e+00
   outer loop
     vertex  6.827161e-01  6.827161e-01 -1.587302e-02
     vertex  6.827161e-01 -7.761905e-01 -3.174603e-02
     vertex  6.827161e-01  6.827161e-01 -3.174603e-02
   endloop
 endfacet
 facet normal -0.000000e+00  0.000000e+00 -1.000000e+00
   outer loop
     vertex -2.907869e-01 -3.177819e-01 -3.174603e-02
     vertex -7.761905e-01 -7.761905e-01 -3.174603e-02
     vertex -3.177819e-01 -2.907869e-01 -3.174603e-02
   endloop
 endfacet
 facet normal  0.000000e+00 -0.000000e+00 -1.000000e+00
   outer loop
     vertex -3.418072e-01 -2.611181e-01 -3.174603e-02
     vertex -3.177819e-01 -2.907869e-01 -3.174603e-02
     vertex -7.761905e-01 -7.761905e-01 -3.174603e-02
   endloop
 endfacet
 facet normal -0.000000e+00  0.000000e+00 -1.000000e+00
   outer loop
     vertex -2.611181e-01 -3.418072e-01 -3.174603e-02
     vertex -7.761905e-01 -7.761905e-01 -3.174603e-02
     vertex -2.907869e-01 -3.177819e-01 -3.174603e-02
   endloop
 endfacet
 facet normal  0.000000e+00 -0.000000e+00 -1.000000e+00
   outer loop
     vertex -3.625997e-01 -2.291005e-01 -3.174603e-02
     vertex -3.418072e-01 -2.611181e-01 -3.174603e-02
     vertex -7.761905e-01 -7.761905e-01 -3.174603e-02
   endloop
 endfacet
 facet normal -0.000000e+00  0.000000e+00 -1.000000e+00
   outer loop
     vertex -2.291005e-01 -3.625997e-01 -3.174603e-02
     vertex -7.761905e-01 -7.761905e-01 -3.174603e-02
     vertex -2.611181e-01 -3.418072e-01 -3.174603e-02
   endloop
 endfacet
 facet normal  0.000000e+00 -0.000000e+00 -1.000000e+00
   outer loop
     vertex -3.799315e-01 -1.950849e-01 -3.174603e-02
     vertex -3.625997e-01 -2.291005e-01 -3.174603e-02
     vertex -7.761905e-01 -7.761905e-01 -3.174603e-02
   endloop
 endfacet
 facet normal -0.000000e+00  0.000000e+00 -1.000000e+00
   outer loop
     vertex -1.950849e-01 -3.799315e-01 -3.174603e-02
     vertex -7.761905e-01 -7.761905e-01 -3.174603e-02
     vertex -2.291005e-01 -3.625997e-01 -3.174603e-02
   endloop
 endfacet
 facet normal  0.000000e+00 -0.000000e+00 -1.000000e+00
   outer loop
     vertex -3.936128e-01 -1.594439e-01 -3.174603e-02
     vertex -3.799315e-01 -1.950849e-01 -3.174603e-02
     vertex -7.761905e-01 -7.761905e-01 -3.174603e-02
   endloop
 endfacet
 facet normal -0.000000e+00  0.000000e+00 -1.000000e+00
   outer loop
     vertex -1.594439e-01 -3.936128e-01 -3.174603e-02
     vertex -7.761905e-01 -7.761905e-01 -3.174603e-02
     vertex -1.950849e-01 -3.799315e-01 -3.174603e-02
   endloop
 endfacet
 facet normal  0.000000e+00 -0.000000e+00 -1.000000e+00
   outer loop
     vertex -4.034937e-01 -1.225681e-01 -3.174603e-02
     vertex -3.936128e-01 -1.594439e-01 -3.174603e-02
     vertex -7.761905e-01 -7.761905e-01 -3.174603e-02
   endloop
 endfacet
 facet normal -0.000000e+00  0.000000e+00 -1.000000e+00
   outer loop
     vertex -1.225681e-01 -4.034937e-01 -3.174603e-02
     vertex -7.761905e-01 -7.761905e-01 -3.174603e-02
     vertex -1.594439e-01 -3.936128e-01 -3.174603e-02
   endloop
 endfacet
 facet normal  0.000000e+00 -0.000000e+00 -1.000000e+00
   outer loop
     vertex -4.094658e-01 -8.486150e-02 -3.174603e-02
     vertex -4.034937e-01 -1.225681e-01 -3.174603e-02
     vertex -7.761905e-01 -7.761905e-01 -3.174603e-02
   endloop
 endfacet
 facet normal -0.000000e+00  0.000000e+00 -1.000000e+00
   outer loop
     vertex -8.486150e-02 -4.094658e-01 -3.174603e-02
     vertex -7.761905e-01 -7.761905e-01 -3.174603e-02
     vertex -1.225681e-01 -4.034937e-01 -3.174603e-02
   endloop
 endfacet
 facet normal -0.000000e+00  0.000000e+00 -1.000000e+00
   outer loop
     vertex -4.673718e-02 -4.114638e-01 -3.174603e-02
     vertex -7.761905e-01 -7.761905e-01 -3.174603e-02
     vertex -8.486150e-02 -4.094658e-01 -3.174603e-02
   endloop
 endfacet
 facet normal  0.000000e+00 -0.000000e+00 -1.000000e+00
   outer loop
     vertex -4.114638e-01 -4.673718e-02 -3.174603e-02
     vertex -4.094658e-01 -8.486150e-02 -3.174603e-02
     vertex -7.761905e-01 -7.761905e-01 -3.174603e-02
   endloop
 endfacet
 facet normal  0.000000e+00  0.000000e+00 -1.000000e+00
   outer loop
     vertex -7.761905e-01  6.827161e-01 -3.174603e-02
     vertex -4.114638e-01 -4.673718e-02 -3.174603e-02
     vertex -7.761905e-01 -7.761905e-01 -3.174603e-02
   endloop
 endfacet
 facet normal  0.000000e+00  0.000000e+00 -1.000000e+00
   outer loop
     vertex -7.761905e-01  6.827161e-01 -3.174603e-02
     vertex -3.177819e-01  1.973126e-01 -3.174603e-02
     vertex -3.418072e-01  1.676438e-01 -3.174603e-02
   endloop
 endfacet
 facet normal  0.000000e+00  0.000000e+00 -1.000000e+00
   outer loop
     vertex -7.761905e-01  6.827161e-01 -3.174603e-02
     vertex -3.418072e-01  1.676438e-01 -3.174603e-02
     vertex -3.625997e-01  1.356261e-01 -3.174603e-02
   endloop
 endfacet
 facet normal  0.000000e+00  0.000000e+00 -1.000000e+00
   outer loop
     vertex -7.761905e-01  6.827161e-01 -3.174603e-02
     vertex -3.625997e-01  1.356261e-01 -3.174603e-02
     vertex -3.799315e-01  1.016105e-01 -3.174603e-02
   endloop
 endfacet
 facet normal  0.000000e+00  0.000000e+00 -1.000000e+00
   outer loop
     vertex -7.761905e-01  6.827161e-01 -3.174603e-02
     vertex -3.799315e-01  1.016105e-01 -3.174603e-02
     vertex -3.936128e-01  6.596955e-02 -3.174603e-02
   endloop
 endfacet
 facet normal  0.000000e+00  0.000000e+00 -1.000000e+00
   outer loop
     vertex -7.761905e-01  6.827161e-01 -3.174603e-02
     vertex -3.936128e-01  6.596955e-02 -3.174603e-02
     vertex -4.034937e-01  2.909375e-02 -3.174603e-02
   endloop
 endfacet
 facet normal  0.000000e+00  0.000000e+00 -1.000000e+00
   outer loop
     vertex -7.761905e-01  6.827161e-01 -3.174603e-02
     vertex -4.034937e-01  2.909375e-02 -3.174603e-02
     vertex -4.094658e-01 -8.612866e-03 -3.174603e-02
   endloop
 endfacet
 facet normal  0.000000e+00  0.000000e+00 -1.000000e+00
   outer loop
     vertex -7.761905e-01  6.827161e-01 -3.174603e-02
     vertex -4.094658e-01 -8.612866e-03 -3.174603e-02
     vertex -4.114638e-01 -4.673718e-02 -3.174603e-02
   endloop
 endfacet
 facet normal  0.000000e+00  0.000000e+00 -1.000000e+00
   outer loop
     vertex  6.827161e-01 -7.761905e-01 -3.174603e-02
     vertex -4.673718e-02 -4.114638e-01 -3.174603e-02
     vertex -8.612866e-03 -4.094658e-01 -3.174603e-02
   endloop
 endfacet
 facet normal  0.000000e+00  0.000000e+00 -1.000000e+00
   outer loop
     vertex  6.827161e-01 -7.761905e-01 -3.174603e-02
     vertex -8.612866e-03 -4.094658e-01 -3.174603e-02
     vertex  2.909375e-02 -4.034937e-01 -3.174603e-02
   endloop
 endfacet
 facet normal  0.000000e+00  0.000000e+00 -1.000000e+00
   outer loop
     vertex  6.827161e-01 -7.761905e-01 -3.174603e-02
     vertex  2.909375e-02 -4.034937e-01 -3.174603e-02
     vertex  6.596955e-02 -3.936128e-01 -3.174603e-02
   endloop
 endfacet
 facet normal  0.000000e+00  0.000000e+00 -1.000000e+00
   outer loop
     vertex  6.827161e-01 -7.761905e-01 -3.174603e-02
     vertex  6.596955e-02 -3.936128e-01 -3.174603e-02
     vertex  1.016105e-01 -3.799315e-01 -3.174603e-02
   endloop
 endfacet
 facet normal  0.000000e+00  0.000000e+00 -1.000000e+00
   outer loop
     vertex  6.827161e-01 -7.761905e-01 -3.174603e-02
     vertex  1.016105e-01 -3.799315e-01 -3.174603e-02
     vertex  1.356261e-01 -3.625997e-01 -3.174603e-02
   endloop
 endfacet
 facet normal  0.000000e+00  0.000000e+00 -1.000000e+00
   outer loop
     vertex  6.827161e-01 -7.761905e-01 -3.174603e-02
     vertex  1.356261e-01 -3.625997e-01 -3.174603e-02
     vertex  1.676438e-01 -3.418072e-01 -3.174603e-02
   endloop
 endfacet
 facet normal  0.000000e+00  0.000000e+00 -1.000000e+00
   outer loop
     vertex  6.827161e-01 -7.761905e-01 -3.174603e-02
     vertex  1.676438e-01 -3.418072e-01 -3.174603e-02
     vertex  1.973126e-01 -3.177819e-01 -3.174603e-02
   endloop
 endfacet
 facet normal  0.000000e+00  0.000000e+00 -1.000000e+00
   outer loop
     vertex  6.827161e-01 -7.761905e-01 -3.174603e-02
     vertex -7.761905e-01 -7.761905e-01 -3.174603e-02
     vertex -4.673718e-02 -4.114638e-01 -3.174603e-02
   endloop
 endfacet
 facet normal  0.000000e+00 -0.000000e+00 -1.000000e+00
   outer loop
     vertex  2.243075e-01 -2.907869e-01 -3.174603e-02
     vertex  6.827161e-01 -7.761905e-01 -3.174603e-02
     vertex  1.973126e-01 -3.177819e-01 -3.174603e-02
   endloop
 endfacet
 facet normal -0.000000e+00  0.000000e+00 -1.000000e+00
   outer loop
     vertex -2.907869e-01  2.243075e-01 -3.174603e-02
     vertex -3.177819e-01  1.973126e-01 -3.174603e-02
     vertex -7.761905e-01  6.827161e-01 -3.174603e-02
   endloop
 endfacet
 facet normal  0.000000e+00 -0.000000e+00 -1.000000e+00
   outer loop
     vertex  2.483329e-01 -2.611181e-01 -3.174603e-02
     vertex  6.827161e-01 -7.761905e-01 -3.174603e-02
     vertex  2.243075e-01 -2.907869e-01 -3.174603e-02
   endloop
 endfacet
 facet normal -0.000000e+00  0.000000e+00 -1.000000e+00
   outer loop
     vertex -2.611181e-01  2.483329e-01 -3.174603e-02
     vertex -2.907869e-01  2.243075e-01 -3.174603e-02
     vertex -7.761905e-01  6.827161e-01 -3.174603e-02
   endloop
 endfacet
 facet normal  0.000000e+00 -0.000000e+00 -1.000000e+00
   outer loop
     vertex  2.691254e-01 -2.291005e-01 -3.174603e-02
     vertex  6.827161e-01 -7.761905e-01 -3.174603e-02
     vertex  2.483329e-01 -2.611181e-01 -3.174603e-02
   endloop
 endfacet
 facet normal -0.000000e+00  0.000000e+00 -1.000000e+00
   outer loop
     vertex -2.291005e-01  2.691254e-01 -3.174603e-02
     vertex -2.611181e-01  2.483329e-01 -3.174603e-02
     vertex -7.761905e-01  6.827161e-01 -3.174603e-02
   endloop
 endfacet
 facet normal  0.000000e+00 -0.000000e+00 -1.000000e+00
   outer loop
     vertex  2.864572e-01 -1.950849e-01 -3.174603e-02
     vertex  6.827161e-01 -7.761905e-01 -3.174603e-02
     vertex  2.691254e-01 -2.291005e-01 -3.174603e-02
   endloop
 endfacet
 facet normal -0.000000e+00  0.000000e+00 -1.000000e+00
   outer loop
     vertex -1.950849e-01  2.864572e-01 -3.174603e-02
     vertex -2.291005e-01  2.691254e-01 -3.174603e-02
     vertex -7.761905e-01  6.827161e-01 -3.174603e-02
   endloop
 endfacet
 facet normal  0.000000e+00 -0.000000e+00 -1.000000e+00
   outer loop
     vertex  3.001385e-01 -1.594439e-01 -3.174603e-02
     vertex  6.827161e-01 -7.761905e-01 -3.174603e-02
     vertex  2.864572e-01 -1.950849e-01 -3.174603e-02
   endloop
 endfacet
 facet normal -0.000000e+00  0.000000e+00 -1.000000e+00
   outer loop
     vertex -1.594439e-01  3.001385e-01 -3.174603e-02
     vertex -1.950849e-01  2.864572e-01 -3.174603e-02
     vertex -7.761905e-01  6.827161e-01 -3.174603e-02
   endloop
 endfacet
 facet normal  0.000000e+00 -0.000000e+00 -1.000000e+00
   outer loop
     vertex  3.100193e-01 -1.225681e-01 -3.174603e-02
     vertex  6.827161e-01 -7.761905e-01 -3.174603e-02
     vertex  3.001385e-01 -1.594439e-01 -3.174603e-02
   endloop
 endfacet
 facet normal -0.000000e+00  0.000000e+00 -1.000000e+00
   outer loop
     vertex -1.225681e-01  3.100193e-01 -3.174603e-02
     vertex -1.594439e-01  3.001385e-01 -3.174603e-02
     vertex -7.761905e-01  6.827161e-01 -3.174603e-02
   endloop
 endfacet
 facet normal  0.000000e+00 -0.000000e+00 -1.000000e+00
   outer loop
     vertex  3.159914e-01 -8.486150e-02 -3.174603e-02
     vertex  6.827161e-01 -7.761905e-01 -3.174603e-02
     vertex  3.100193e-01 -1.225681e-01 -3.174603e-02
   endloop
 endfacet
 facet normal -0.000000e+00  0.000000e+00 -1.000000e+00
   outer loop
     vertex -8.486150e-02  3.159914e-01 -3.174603e-02
     vertex -1.225681e-01  3.100193e-01 -3.174603e-02
     vertex -7.761905e-01  6.827161e-01 -3.174603e-02
   endloop
 endfacet
 facet normal  0.000000e+00 -0.000000e+00 -1.000000e+00
   outer loop
     vertex  3.179895e-01 -4.673718e-02 -3.174603e-02
     vertex  6.827161e-01 -7.761905e-01 -3.174603e-02
     vertex  3.159914e-01 -8.486150e-02 -3.174603e-02
   endloop
 endfacet
 facet normal -0.000000e+00  0.000000e+00 -1.000000e+00
   outer loop
     vertex -4.673718e-02  3.179895e-01 -3.174603e-02
     vertex -8.486150e-02  3.159914e-01 -3.174603e-02
     vertex -7.761905e-01  6.827161e-01 -3.174603e-02
   endloop
 endfacet
 facet normal  0.000000e+00  0.000000e+00 -1.000000e+00
   outer loop
     vertex  6.827161e-01  6.827161e-01 -3.174603e-02
     vertex  3.179895e-01 -4.673718e-02 -3.174603e-02
     vertex  3.159914e-01 -8.612866e-03 -3.174603e-02
   endloop
 endfacet
 facet normal  0.000000e+00  0.000000e+00 -1.000000e+00
   outer loop
     vertex  6.827161e-01  6.827161e-01 -3.174603e-02
     vertex  3.159914e-01 -8.612866e-03 -3.174603e-02
     vertex  3.100193e-01  2.909375e-02 -3.174603e-02
   endloop
 endfacet
 facet normal  0.000000e+00  0.000000e+00 -1.000000e+00
   outer loop
     vertex  6.827161e-01  6.827161e-01 -3.174603e-02
     vertex  3.100193e-01  2.909375e-02 -3.174603e-02
     vertex  3.001385e-01  6.596955e-02 -3.174603e-02
   endloop
 endfacet
 facet normal  0.000000e+00  0.000000e+00 -1.000000e+00
   outer loop
     vertex  6.827161e-01  6.827161e-01 -3.174603e-02
     vertex  3.001385e-01  6.596955e-02 -3.174603e-02
     vertex  2.864572e-01  1.016105e-01 -3.174603e-02
   endloop
 endfacet
 facet normal  0.000000e+00  0.000000e+00 -1.000000e+00
   outer loop
     vertex  6.827161e-01  6.827161e-01 -3.174603e-02
     vertex  2.864572e-01  1.016105e-01 -3.174603e-02
     vertex  2.691254e-01  1.356261e-01 -3.174603e-02
   endloop
 endfacet
 facet normal  0.000000e+00  0.000000e+00 -1.000000e+00
   outer loop
     vertex  6.827161e-01  6.827161e-01 -3.174603e-02
     vertex  2.691254e-01  1.356261e-01 -3.174603e-02
     vertex  2.483329e-01  1.676438e-01 -3.174603e-02
   endloop
 endfacet
 facet normal  0.000000e+00  0.000000e+00 -1.000000e+00
   outer loop
     vertex  6.827161e-01  6.827161e-01 -3.174603e-02
     vertex  2.483329e-01  1.676438e-01 -3.174603e-02
     vertex  2.243075e-01  1.973126e-01 -3.174603e-02
   endloop
 endfacet
 facet normal  0.000000e+00  0.000000e+00 -1.000000e+00
   outer loop
     vertex  6.827161e-01  6.827161e-01 -3.174603e-02
     vertex  2.243075e-01  1.973126e-01 -3.174603e-02
     vertex  1.973126e-01  2.243075e-01 -3.174603e-02
   endloop
 endfacet
 facet normal  0.000000e+00  0.000000e+00 -1.000000e+00
   outer loop
     vertex  6.827161e-01  6.827161e-01 -3.174603e-02
     vertex  1.973126e-01  2.243075e-01 -3.174603e-02
     vertex  1.676438e-01  2.483329e-01 -3.174603e-02
   endloop
 endfacet
 facet normal  0.000000e+00  0.000000e+00 -1.000000e+00
   outer loop
     vertex  6.827161e-01  6.827161e-01 -3.174603e-02
     vertex  1.676438e-01  2.483329e-01 -3.174603e-02
     vertex  1.356261e-01  2.691254e-01 -3.174603e-02
   endloop
 endfacet
 facet normal  0.000000e+00  0.000000e+00 -1.000000e+00
   outer loop
     vertex  6.827161e-01  6.827161e-01 -3.174603e-02
     vertex  1.356261e-01  2.691254e-01 -3.174603e-02
     vertex  1.016105e-01  2.864572e-01 -3.174603e-02
   endloop
 endfacet
 facet normal  0.000000e+00  0.000000e+00 -1.000000e+00
   outer loop
     vertex  6.827161e-01  6.827161e-01 -3.174603e-02
     vertex  1.016105e-01  2.864572e-01 -3.174603e-02
     vertex  6.596955e-02  3.001385e-01 -3.174603e-02
   endloop
 endfacet
 facet normal  0.000000e+00  0.000000e+00 -1.000000e+00
   outer loop
     vertex  6.827161e-01  6.827161e-01 -3.174603e-02
     vertex  6.596955e-02  3.001385e-01 -3.174603e-02
     vertex  2.909375e-02  3.100193e-01 -3.174603e-02
   endloop
 endfacet
 facet normal  0.000000e+00  0.000000e+00 -1.000000e+00
   outer loop
     vertex  6.827161e-01  6.827161e-01 -3.174603e-02
     vertex  2.909375e-02  3.100193e-01 -3.174603e-02
     vertex -8.612866e-03  3.159914e-01 -3.174603e-02
   endloop
 endfacet
 facet normal  0.000000e+00  0.000000e+00 -1.000000e+00
   outer loop
     vertex  6.827161e-01  6.827161e-01 -3.174603e-02
     vertex -8.612866e-03  3.159914e-01 -3.174603e-02
     vertex -4.673718e-02  3.179895e-01 -3.174603e-02
   endloop
 endfacet
 facet normal  0.000000e+00 -0.000000e+00 -1.000000e+00
   outer loop
     vertex  6.827161e-01  6.827161e-01 -3.174603e-02
     vertex  6.827161e-01 -7.761905e-01 -3.174603e-02
     vertex  3.179895e-01 -4.673718e-02 -3.174603e-02
   endloop
 endfacet
 facet normal -0.000000e+00  0.000000e+00 -1.000000e+00
   outer loop
     vertex  6.827161e-01  6.827161e-01 -3.174603e-02
     vertex -4.673718e-02  3.179895e-01 -3.174603e-02
     vertex -7.761905e-01  6.827161e-01 -3.174603e-02
   endloop
 endfacet
 facet normal -9.986295e-01 -5.233596e-02  0.000000e+00
   outer loop
     vertex  3.159914e-01 -8.612866e-03 -1.587302e-02
     vertex  3.179895e-01 -4.673718e-02 -1.587302e-02
     vertex  3.179895e-01 -4.673718e-02  9.841270e-01
   endloop
 endfacet
 facet normal -9.986295e-01 -5.233596e-02  0.000000e+00
   outer loop
     vertex  3.159914e-01 -8.612866e-03 -1.587302e-02
     vertex  3.179895e-01 -4.673718e-02  9.841270e-01
     vertex  3.159914e-01 -8.612866e-03  9.841270e-01
   endloop
 endfacet
 facet normal -9.876883e-01 -1.564345e-01  0.000000e+00
   outer loop
     vertex  3.100193e-01  2.909375e-02 -1.587302e-02
     vertex  3.159914e-01 -8.612866e-03  9.841270e-01
     vertex  3.100193e-01  2.909375e-02  9.841270e-01
   endloop
 endfacet
 facet normal -9.876883e-01 -1.564345e-01  0.000000e+00
   outer loop
     vertex  3.100193e-01  2.909375e-02 -1.587302e-02
     vertex  3.159914e-01 -8.612866e-03 -1.587302e-02
     vertex  3.159914e-01 -8.612866e-03  9.841270e-01
   endloop
 endfacet
 facet normal -9.659258e-01 -2.588190e-01  0.000000e+00
   outer loop
     vertex  3.001385e-01  6.596955e-02 -1.587302e-02
     vertex  3.100193e-01  2.909375e-02  9.841270e-01
     vertex  3.001385e-01  6.596955e-02  9.841270e-01
   endloop
 endfacet
 facet normal -9.659258e-01 -2.588190e-01  0.000000e+00
   outer loop
     vertex  3.001385e-01  6.596955e-02 -1.587302e-02
     vertex  3.100193e-01  2.909375e-02 -1.587302e-02
     vertex  3.100193e-01  2.909375e-02  9.841270e-01
   endloop
 endfacet
 facet normal -9.335804e-01 -3.583679e-01  0.000000e+00
   outer loop
     vertex  2.864572e-01  1.016105e-01 -1.587302e-02
     vertex  3.001385e-01  6.596955e-02  9.841270e-01
     vertex  2.864572e-01  1.016105e-01  9.841270e-01
   endloop
 endfacet
 facet normal -9.335804e-01 -3.583679e-01  0.000000e+00
   outer loop
     vertex  2.864572e-01  1.016105e-01 -1.587302e-02
     vertex  3.001385e-01  6.596955e-02 -1.587302e-02
     vertex  3.001385e-01  6.596955e-02  9.841270e-01
   endloop
 endfacet
 facet normal -8.910065e-01 -4.539905e-01  0.000000e+00
   outer loop
     vertex  2.691254e-01  1.356261e-01 -1.587302e-02
     vertex  2.864572e-01  1.016105e-01  9.841270e-01
     vertex  2.691254e-01  1.356261e-01  9.841270e-01
   endloop
 endfacet
 facet normal -8.910065e-01 -4.539905e-01  0.000000e+00
   outer loop
     vertex  2.691254e-01  1.356261e-01 -1.587302e-02
     vertex  2.864572e-01  1.016105e-01 -1.587302e-02
     vertex  2.864572e-01  1.016105e-01  9.841270e-01
   endloop
 endfacet
 facet normal -8.386706e-01 -5.446390e-01  0.000000e+00
   outer loop
     vertex  2.483329e-01  1.676438e-01 -1.587302e-02
     vertex  2.691254e-01  1.356261e-01  9.841270e-01
     vertex  2.483329e-01  1.676438e-01  9.841270e-01
   endloop
 endfacet
 facet normal -8.386706e-01 -5.446390e-01  0.000000e+00
   outer loop
     vertex  2.483329e-01  1.676438e-01 -1.587302e-02
     vertex  2.691254e-01  1.356261e-01 -1.587302e-02
     vertex  2.691254e-01  1.356261e-01  9.841270e-01
   endloop
 endfacet
 facet normal -7.771460e-01 -6.293204e-01  0.000000e+00
   outer loop
     vertex  2.243075e-01  1.973126e-01 -1.587302e-02
     vertex  2.483329e-01  1.676438e-01  9.841270e-01
     vertex  2.243075e-01  1.973126e-01  9.841270e-01
   endloop
 endfacet
 facet normal -7.771460e-01 -6.293204e-01  0.000000e+00
   outer loop
     vertex  2.243075e-01  1.973126e-01 -1.587302e-02
     vertex  2.483329e-01  1.676438e-01 -1.587302e-02
     vertex  2.483329e-01  1.676438e-01  9.841270e-01
   endloop
 endfacet
 facet normal -7.071068e-01 -7.071068e-01  0.000000e+00
   outer loop
     vertex  1.973126e-01  2.243075e-01 -1.587302e-02
     vertex  2.243075e-01  1.973126e-01  9.841270e-01
     vertex  1.973126e-01  2.243075e-01  9.841270e-01
   endloop
 endfacet
 facet normal -7.071068e-01 -7.071068e-01  0.000000e+00
   outer loop
     vertex  1.973126e-01  2.243075e-01 -1.587302e-02
     vertex  2.243075e-01  1.973126e-01 -1.587302e-02
     vertex  2.243075e-01  1.973126e-01  9.841270e-01
   endloop
 endfacet
