solid 
 facet normal -0.000000e+00  0.000000e+00 -1.000000e+00
   outer loop
     vertex  2.128748e-01 -1.587302e-02 -1.814815e-01
     vertex -2.823633e-01 -1.015873e+00 -1.814815e-01
     vertex -2.823633e-01 -1.587302e-02 -1.814815e-01
   endloop
 endfacet
 facet normal  0.000000e+00 -0.000000e+00 -1.000000e+00
   outer loop
     vertex  2.128748e-01 -1.587302e-02 -1.814815e-01
     vertex  2.128748e-01 -1.015873e+00 -1.814815e-01
     vertex -2.823633e-01 -1.015873e+00 -1.814815e-01
   endloop
 endfacet
 facet normal -1.000000e+00  0.000000e+00  0.000000e+00
   outer loop
     vertex -2.823633e-01 -1.587302e-02 -1.814815e-01
     vertex -2.823633e-01 -1.015873e+00  1.119930e-01
     vertex -2.823633e-01 -1.587302e-02  1.119930e-01
   endloop
 endfacet
 facet normal -1.000000e+00  0.000000e+00  0.000000e+00
   outer loop
     vertex -2.823633e-01 -1.587302e-02 -1.814815e-01
     vertex -2.823633e-01 -1.015873e+00 -1.814815e-01
     vertex -2.823633e-01 -1.015873e+00  1.119930e-01
   endloop
 endfacet
 facet normal  1.000000e+00  0.000000e+00  0.000000e+00
   outer loop
     vertex  2.128748e-01 -1.587302e-02  1.119930e-01
     vertex  2.128748e-01 -1.015873e+00 -1.814815e-01
     vertex  2.128748e-01 -1.587302e-02 -1.814815e-01
   endloop
 endfacet
 facet normal  1.000000e+00  0.000000e+00  0.000000e+00
   outer loop
     vertex  2.128748e-01 -1.587302e-02  1.119930e-01
     vertex  2.128748e-01 -1.015873e+00  1.119930e-01
     vertex  2.128748e-01 -1.015873e+00 -1.814815e-01
   endloop
 endfacet
 facet normal  0.000000e+00  0.000000e+00 -1.000000e+00
   outer loop
     vertex  2.128748e-01 -1.587302e-02 -1.814815e-01
     vertex -2.823633e-01 -1.587302e-02 -1.814815e-01
     vertex -2.823633e-01  0.000000e+00 -1.814815e-01
   endloop
 endfacet
 facet normal  0.000000e+00  0.000000e+00 -1.000000e+00
   outer loop
     vertex  2.128748e-01 -1.587302e-02 -1.814815e-01
     vertex -2.823633e-01  0.000000e+00 -1.814815e-01
     vertex  2.128748e-01  0.000000e+00 -1.814815e-01
   endloop
 endfacet
 facet normal  0.000000e+00 -1.000000e+00 -0.000000e+00
   outer loop
     vertex -1.186244e-01 -1.015873e+00 -9.079118e-02
     vertex -2.823633e-01 -1.015873e+00 -1.814815e-01
     vertex -1.060785e-01 -1.015873e+00 -1.060785e-01
   endloop
 endfacet
 facet normal -0.000000e+00 -1.000000e+00  0.000000e+00
   outer loop
     vertex -9.079118e-02 -1.015873e+00 -1.186244e-01
     vertex -1.060785e-01 -1.015873e+00 -1.060785e-01
     vertex -2.823633e-01 -1.015873e+00 -1.814815e-01
   endloop
 endfacet
 facet normal  0.000000e+00 -1.000000e+00 -0.000000e+00
   outer loop
     vertex -1.279469e-01 -1.015873e+00 -7.335004e-02
     vertex -2.823633e-01 -1.015873e+00 -1.814815e-01
     vertex -1.186244e-01 -1.015873e+00 -9.079118e-02
   endloop
 endfacet
 facet normal -0.000000e+00 -1.000000e+00  0.000000e+00
   outer loop
     vertex -7.335004e-02 -1.015873e+00 -1.279469e-01
     vertex -9.079118e-02 -1.015873e+00 -1.186244e-01
     vertex -2.823633e-01 -1.015873e+00 -1.814815e-01
   endloop
 endfacet
 facet normal  0.000000e+00 -1.000000e+00 -0.000000e+00
   outer loop
     vertex -1.336877e-01 -1.015873e+00 -5.442531e-02
     vertex -2.823633e-01 -1.015873e+00 -1.814815e-01
     vertex -1.279469e-01 -1.015873e+00 -7.335004e-02
   endloop
 endfacet
 facet normal -0.000000e+00 -1.000000e+00  0.000000e+00
   outer loop
     vertex -5.442531e-02 -1.015873e+00 -1.336877e-01
     vertex -7.335004e-02 -1.015873e+00 -1.279469e-01
     vertex -2.823633e-01 -1.015873e+00 -1.814815e-01
   endloop
 endfacet
 facet normal -0.000000e+00 -1.000000e+00  0.000000e+00
   outer loop
     vertex -1.356261e-01 -1.015873e+00 -3.474424e-02
     vertex -2.823633e-01 -1.015873e+00  1.119930e-01
     vertex -2.823633e-01 -1.015873e+00 -1.814815e-01
   endloop
 endfacet
 facet normal  0.000000e+00 -1.000000e+00 -0.000000e+00
   outer loop
     vertex -1.356261e-01 -1.015873e+00 -3.474424e-02
     vertex -2.823633e-01 -1.015873e+00 -1.814815e-01
     vertex -1.336877e-01 -1.015873e+00 -5.442531e-02
   endloop
 endfacet
 facet normal -0.000000e+00 -1.000000e+00  0.000000e+00
   outer loop
     vertex -3.474424e-02 -1.015873e+00 -1.356261e-01
     vertex -5.442531e-02 -1.015873e+00 -1.336877e-01
     vertex -2.823633e-01 -1.015873e+00 -1.814815e-01
   endloop
 endfacet
 facet normal -0.000000e+00 -1.000000e+00  0.000000e+00
   outer loop
     vertex -1.336877e-01 -1.015873e+00 -1.506317e-02
     vertex -2.823633e-01 -1.015873e+00  1.119930e-01
     vertex -1.356261e-01 -1.015873e+00 -3.474424e-02
   endloop
 endfacet
 facet normal -0.000000e+00 -1.000000e+00  0.000000e+00
   outer loop
     vertex -1.279469e-01 -1.015873e+00  3.861571e-03
     vertex -2.823633e-01 -1.015873e+00  1.119930e-01
     vertex -1.336877e-01 -1.015873e+00 -1.506317e-02
   endloop
 endfacet
 facet normal -0.000000e+00 -1.000000e+00  0.000000e+00
   outer loop
     vertex -1.186244e-01 -1.015873e+00  2.130271e-02
     vertex -2.823633e-01 -1.015873e+00  1.119930e-01
     vertex -1.279469e-01 -1.015873e+00  3.861571e-03
   endloop
 endfacet
 facet normal -0.000000e+00 -1.000000e+00  0.000000e+00
   outer loop
     vertex -1.060785e-01 -1.015873e+00  3.658999e-02
     vertex -2.823633e-01 -1.015873e+00  1.119930e-01
     vertex -1.186244e-01 -1.015873e+00  2.130271e-02
   endloop
 endfacet
 facet normal -0.000000e+00 -1.000000e+00  0.000000e+00
   outer loop
     vertex -9.079118e-02 -1.015873e+00  4.913595e-02
     vertex -2.823633e-01 -1.015873e+00  1.119930e-01
     vertex -1.060785e-01 -1.015873e+00  3.658999e-02
   endloop
 endfacet
 facet normal -0.000000e+00 -1.000000e+00  0.000000e+00
   outer loop
     vertex -7.335004e-02 -1.015873e+00  5.845843e-02
     vertex -2.823633e-01 -1.015873e+00  1.119930e-01
     vertex -9.079118e-02 -1.015873e+00  4.913595e-02
   endloop
 endfacet
 facet normal -0.000000e+00 -1.000000e+00  0.000000e+00
   outer loop
     vertex -5.442531e-02 -1.015873e+00  6.419918e-02
     vertex -2.823633e-01 -1.015873e+00  1.119930e-01
     vertex -7.335004e-02 -1.015873e+00  5.845843e-02
   endloop
 endfacet
 facet normal  0.000000e+00 -1.000000e+00  0.000000e+00
   outer loop
     vertex  2.128748e-01 -1.015873e+00 -1.814815e-01
     vertex -1.506317e-02 -1.015873e+00 -1.336877e-01
     vertex -3.474424e-02 -1.015873e+00 -1.356261e-01
   endloop
 endfacet
 facet normal  0.000000e+00 -1.000000e+00  0.000000e+00
   outer loop
     vertex  2.128748e-01 -1.015873e+00 -1.814815e-01
     vertex  3.861571e-03 -1.015873e+00 -1.279469e-01
     vertex -1.506317e-02 -1.015873e+00 -1.336877e-01
   endloop
 endfacet
 facet normal  0.000000e+00 -1.000000e+00  0.000000e+00
   outer loop
     vertex  2.128748e-01 -1.015873e+00 -1.814815e-01
     vertex  2.130271e-02 -1.015873e+00 -1.186244e-01
     vertex  3.861571e-03 -1.015873e+00 -1.279469e-01
   endloop
 endfacet
 facet normal  0.000000e+00 -1.000000e+00  0.000000e+00
   outer loop
     vertex  2.128748e-01 -1.015873e+00 -1.814815e-01
     vertex  3.658999e-02 -1.015873e+00 -1.060785e-01
     vertex  2.130271e-02 -1.015873e+00 -1.186244e-01
   endloop
 endfacet
 facet normal  0.000000e+00 -1.000000e+00  0.000000e+00
   outer loop
     vertex  2.128748e-01 -1.015873e+00 -1.814815e-01
     vertex  4.913595e-02 -1.015873e+00 -9.079118e-02
     vertex  3.658999e-02 -1.015873e+00 -1.060785e-01
   endloop
 endfacet
 facet normal  0.000000e+00 -1.000000e+00  0.000000e+00
   outer loop
     vertex  2.128748e-01 -1.015873e+00 -1.814815e-01
     vertex  5.845843e-02 -1.015873e+00 -7.335004e-02
     vertex  4.913595e-02 -1.015873e+00 -9.079118e-02
   endloop
 endfacet
 facet normal  0.000000e+00 -1.000000e+00  0.000000e+00
   outer loop
     vertex  2.128748e-01 -1.015873e+00 -1.814815e-01
     vertex  6.419918e-02 -1.015873e+00 -5.442531e-02
     vertex  5.845843e-02 -1.015873e+00 -7.335004e-02
   endloop
 endfacet
 facet normal  0.000000e+00 -1.000000e+00  0.000000e+00
   outer loop
     vertex  2.128748e-01 -1.015873e+00 -1.814815e-01
     vertex -3.474424e-02 -1.015873e+00 -1.356261e-01
     vertex -2.823633e-01 -1.015873e+00 -1.814815e-01
   endloop
 endfacet
 facet normal  0.000000e+00 -1.000000e+00 -0.000000e+00
   outer loop
     vertex  6.613760e-02 -1.015873e+00 -3.474424e-02
     vertex  6.419918e-02 -1.015873e+00 -5.442531e-02
     vertex  2.128748e-01 -1.015873e+00 -1.814815e-01
   endloop
 endfacet
 facet normal  0.000000e+00 -1.000000e+00  0.000000e+00
   outer loop
     vertex  2.128748e-01 -1.015873e+00  1.119930e-01
     vertex  6.419918e-02 -1.015873e+00 -1.506317e-02
     vertex  6.613760e-02 -1.015873e+00 -3.474424e-02
   endloop
 endfacet
 facet normal  0.000000e+00 -1.000000e+00  0.000000e+00
   outer loop
     vertex  2.128748e-01 -1.015873e+00  1.119930e-01
     vertex  5.845843e-02 -1.015873e+00  3.861571e-03
     vertex  6.419918e-02 -1.015873e+00 -1.506317e-02
   endloop
 endfacet
 facet normal  0.000000e+00 -1.000000e+00  0.000000e+00
   outer loop
     vertex  2.128748e-01 -1.015873e+00  1.119930e-01
     vertex  4.913595e-02 -1.015873e+00  2.130271e-02
     vertex  5.845843e-02 -1.015873e+00  3.861571e-03
   endloop
 endfacet
 facet normal  0.000000e+00 -1.000000e+00  0.000000e+00
   outer loop
     vertex  2.128748e-01 -1.015873e+00  1.119930e-01
     vertex  3.658999e-02 -1.015873e+00  3.658999e-02
     vertex  4.913595e-02 -1.015873e+00  2.130271e-02
   endloop
 endfacet
 facet normal  0.000000e+00 -1.000000e+00  0.000000e+00
   outer loop
     vertex  2.128748e-01 -1.015873e+00  1.119930e-01
     vertex  2.130271e-02 -1.015873e+00  4.913595e-02
     vertex  3.658999e-02 -1.015873e+00  3.658999e-02
   endloop
 endfacet
 facet normal  0.000000e+00 -1.000000e+00  0.000000e+00
   outer loop
     vertex  2.128748e-01 -1.015873e+00  1.119930e-01
     vertex  3.861571e-03 -1.015873e+00  5.845843e-02
     vertex  2.130271e-02 -1.015873e+00  4.913595e-02
   endloop
 endfacet
 facet normal  0.000000e+00 -1.000000e+00  0.000000e+00
   outer loop
     vertex  2.128748e-01 -1.015873e+00  1.119930e-01
     vertex -1.506317e-02 -1.015873e+00  6.419918e-02
     vertex  3.861571e-03 -1.015873e+00  5.845843e-02
   endloop
 endfacet
 facet normal  0.000000e+00 -1.000000e+00 -0.000000e+00
   outer loop
     vertex  2.128748e-01 -1.015873e+00  1.119930e-01
     vertex  6.613760e-02 -1.015873e+00 -3.474424e-02
     vertex  2.128748e-01 -1.015873e+00 -1.814815e-01
   endloop
 endfacet
 facet normal -0.000000e+00 -1.000000e+00  0.000000e+00
   outer loop
     vertex  2.128748e-01 -1.015873e+00  1.119930e-01
     vertex -2.823633e-01 -1.015873e+00  1.119930e-01
     vertex -3.474424e-02 -1.015873e+00  6.613760e-02
   endloop
 endfacet
 facet normal -0.000000e+00 -1.000000e+00  0.000000e+00
   outer loop
     vertex -3.474424e-02 -1.015873e+00  6.613760e-02
     vertex -2.823633e-01 -1.015873e+00  1.119930e-01
     vertex -5.442531e-02 -1.015873e+00  6.419918e-02
   endloop
 endfacet
 facet normal  0.000000e+00 -1.000000e+00  0.000000e+00
   outer loop
     vertex  2.128748e-01 -1.015873e+00  1.119930e-01
     vertex -3.474424e-02 -1.015873e+00  6.613760e-02
     vertex -1.506317e-02 -1.015873e+00  6.419918e-02
   endloop
 endfacet
 facet normal -0.000000e+00  0.000000e+00  1.000000e+00
   outer loop
     vertex -2.823633e-01 -1.587302e-02  1.119930e-01
     vertex  2.128748e-01 -1.015873e+00  1.119930e-01
     vertex  2.128748e-01 -1.587302e-02  1.119930e-01
   endloop
 endfacet
 facet normal  0.000000e+00  0.000000e+00  1.000000e+00
   outer loop
     vertex -2.823633e-01 -1.587302e-02  1.119930e-01
     vertex -2.823633e-01 -1.015873e+00  1.119930e-01
     vertex  2.128748e-01 -1.015873e+00  1.119930e-01
   endloop
 endfacet
 facet normal -1.000000e+00  0.000000e+00  0.000000e+00
   outer loop
     vertex -2.823633e-01 -1.587302e-02 -1.814815e-01
     vertex -2.823633e-01 -1.587302e-02  1.119930e-01
     vertex -2.823633e-01  0.000000e+00  1.119930e-01
   endloop
 endfacet
 facet normal -1.000000e+00  0.000000e+00  0.000000e+00
   outer loop
     vertex -2.823633e-01 -1.587302e-02 -1.814815e-01
     vertex -2.823633e-01  0.000000e+00  1.119930e-01
     vertex -2.823633e-01  0.000000e+00 -1.814815e-01
   endloop
 endfacet
 facet normal  1.000000e+00  0.000000e+00  0.000000e+00
   outer loop
     vertex  2.128748e-01 -1.587302e-02  1.119930e-01
     vertex  2.128748e-01 -1.587302e-02 -1.814815e-01
     vertex  2.128748e-01  0.000000e+00 -1.814815e-01
   endloop
 endfacet
 facet normal  1.000000e+00 -0.000000e+00  0.000000e+00
   outer loop
     vertex  2.128748e-01 -1.587302e-02  1.119930e-01
     vertex  2.128748e-01  0.000000e+00 -1.814815e-01
     vertex  2.128748e-01  0.000000e+00  1.119930e-01
   endloop
 endfacet
 facet normal  0.000000e+00  1.000000e+00  0.000000e+00
   outer loop
     vertex -1.186244e-01  6.591949e-17 -9.079118e-02
     vertex -1.060785e-01  6.591949e-17 -1.060785e-01
     vertex -2.823633e-01  6.591949e-17 -1.814815e-01
   endloop
 endfacet
 facet normal  0.000000e+00  1.000000e+00  0.000000e+00
   outer loop
     vertex -9.079118e-02  6.591949e-17 -1.186244e-01
     vertex -2.823633e-01  6.591949e-17 -1.814815e-01
     vertex -1.060785e-01  6.591949e-17 -1.060785e-01
   endloop
 endfacet
 facet normal  0.000000e+00  1.000000e+00  0.000000e+00
   outer loop
     vertex -1.279469e-01  6.591949e-17 -7.335004e-02
     vertex -1.186244e-01  6.591949e-17 -9.079118e-02
     vertex -2.823633e-01  6.591949e-17 -1.814815e-01
   endloop
 endfacet
 facet normal  0.000000e+00  1.000000e+00  0.000000e+00
   outer loop
     vertex -7.335004e-02  6.591949e-17 -1.279469e-01
     vertex -2.823633e-01  6.591949e-17 -1.814815e-01
     vertex -9.079118e-02  6.591949e-17 -1.186244e-01
   endloop
 endfacet
 facet normal  0.000000e+00  1.000000e+00  0.000000e+00
   outer loop
     vertex -1.336877e-01  6.591949e-17 -5.442531e-02
     vertex -1.279469e-01  6.591949e-17 -7.335004e-02
     vertex -2.823633e-01  6.591949e-17 -1.814815e-01
   endloop
 endfacet
 facet normal  0.000000e+00  1.000000e+00  0.000000e+00
   outer loop
     vertex -5.442531e-02  6.591949e-17 -1.336877e-01
     vertex -2.823633e-01  6.591949e-17 -1.814815e-01
     vertex -7.335004e-02  6.591949e-17 -1.279469e-01
   endloop
 endfacet
 facet normal  0.000000e+00  1.000000e+00  0.000000e+00
   outer loop
     vertex -1.356261e-01  6.591949e-17 -3.474424e-02
     vertex -2.823633e-01  6.591949e-17 -1.814815e-01
     vertex -2.823633e-01  6.591949e-17  1.119930e-01
   endloop
 endfacet
 facet normal  0.000000e+00  1.000000e+00  0.000000e+00
   outer loop
     vertex -1.356261e-01  6.591949e-17 -3.474424e-02
     vertex -1.336877e-01  6.591949e-17 -5.442531e-02
     vertex -2.823633e-01  6.591949e-17 -1.814815e-01
   endloop
 endfacet
 facet normal  0.000000e+00  1.000000e+00  0.000000e+00
   outer loop
     vertex -3.474424e-02  6.591949e-17 -1.356261e-01
     vertex -2.823633e-01  6.591949e-17 -1.814815e-01
     vertex -5.442531e-02  6.591949e-17 -1.336877e-01
   endloop
 endfacet
 facet normal  0.000000e+00  1.000000e+00  0.000000e+00
   outer loop
     vertex -1.336877e-01  6.591949e-17 -1.506317e-02
     vertex -1.356261e-01  6.591949e-17 -3.474424e-02
     vertex -2.823633e-01  6.591949e-17  1.119930e-01
   endloop
 endfacet
 facet normal  0.000000e+00  1.000000e+00  0.000000e+00
   outer loop
     vertex -1.279469e-01  6.591949e-17  3.861571e-03
     vertex -1.336877e-01  6.591949e-17 -1.506317e-02
     vertex -2.823633e-01  6.591949e-17  1.119930e-01
   endloop
 endfacet
 facet normal  0.000000e+00  1.000000e+00  0.000000e+00
   outer loop
     vertex -1.186244e-01  6.591949e-17  2.130271e-02
     vertex -1.279469e-01  6.591949e-17  3.861571e-03
     vertex -2.823633e-01  6.591949e-17  1.119930e-01
   endloop
 endfacet
 facet normal  0.000000e+00  1.000000e+00  0.000000e+00
   outer loop
     vertex -1.060785e-01  6.591949e-17  3.658999e-02
     vertex -1.186244e-01  6.591949e-17  2.130271e-02
     vertex -2.823633e-01  6.591949e-17  1.119930e-01
   endloop
 endfacet
 facet normal  0.000000e+00  1.000000e+00  0.000000e+00
   outer loop
     vertex -9.079118e-02  6.591949e-17  4.913595e-02
     vertex -1.060785e-01  6.591949e-17  3.658999e-02
     vertex -2.823633e-01  6.591949e-17  1.119930e-01
   endloop
 endfacet
 facet normal  0.000000e+00  1.000000e+00  0.000000e+00
   outer loop
     vertex -7.335004e-02  6.591949e-17  5.845843e-02
     vertex -9.079118e-02  6.591949e-17  4.913595e-02
     vertex -2.823633e-01  6.591949e-17  1.119930e-01
   endloop
 endfacet
 facet normal  0.000000e+00  1.000000e+00  0.000000e+00
   outer loop
     vertex -5.442531e-02  6.591949e-17  6.419918e-02
     vertex -7.335004e-02  6.591949e-17  5.845843e-02
     vertex -2.823633e-01  6.591949e-17  1.119930e-01
   endloop
 endfacet
 facet normal  0.000000e+00  1.000000e+00  0.000000e+00
   outer loop
     vertex  2.128748e-01  6.591949e-17 -1.814815e-01
     vertex -3.474424e-02  6.591949e-17 -1.356261e-01
     vertex -1.506317e-02  6.591949e-17 -1.336877e-01
   endloop
 endfacet
 facet normal  0.000000e+00  1.000000e+00  0.000000e+00
   outer loop
     vertex  2.128748e-01  6.591949e-17 -1.814815e-01
     vertex -1.506317e-02  6.591949e-17 -1.336877e-01
     vertex  3.861571e-03  6.591949e-17 -1.279469e-01
   endloop
 endfacet
 facet normal  0.000000e+00  1.000000e+00  0.000000e+00
   outer loop
     vertex  2.128748e-01  6.591949e-17 -1.814815e-01
     vertex  3.861571e-03  6.591949e-17 -1.279469e-01
     vertex  2.130271e-02  6.591949e-17 -1.186244e-01
   endloop
 endfacet
 facet normal  0.000000e+00  1.000000e+00  0.000000e+00
   outer loop
     vertex  2.128748e-01  6.591949e-17 -1.814815e-01
     vertex  2.130271e-02  6.591949e-17 -1.186244e-01
     vertex  3.658999e-02  6.591949e-17 -1.060785e-01
   endloop
 endfacet
 facet normal  0.000000e+00  1.000000e+00  0.000000e+00
   outer loop
     vertex  2.128748e-01  6.591949e-17 -1.814815e-01
     vertex  3.658999e-02  6.591949e-17 -1.060785e-01
     vertex  4.913595e-02  6.591949e-17 -9.079118e-02
   endloop
 endfacet
 facet normal  0.000000e+00  1.000000e+00  0.000000e+00
   outer loop
     vertex  2.128748e-01  6.591949e-17 -1.814815e-01
     vertex  4.913595e-02  6.591949e-17 -9.079118e-02
     vertex  5.845843e-02  6.591949e-17 -7.335004e-02
   endloop
 endfacet
 facet normal  0.000000e+00  1.000000e+00  0.000000e+00
   outer loop
     vertex  2.128748e-01  6.591949e-17 -1.814815e-01
     vertex  5.845843e-02  6.591949e-17 -7.335004e-02
     vertex  6.419918e-02  6.591949e-17 -5.442531e-02
   endloop
 endfacet
 facet normal  0.000000e+00  1.000000e+00  0.000000e+00
   outer loop
     vertex  2.128748e-01  6.591949e-17 -1.814815e-01
     vertex -2.823633e-01  6.591949e-17 -1.814815e-01
     vertex -3.474424e-02  6.591949e-17 -1.356261e-01
   endloop
 endfacet
 facet normal  0.000000e+00  1.000000e+00  0.000000e+00
   outer loop
     vertex  6.613760e-02  6.591949e-17 -3.474424e-02
     vertex  2.128748e-01  6.591949e-17 -1.814815e-01
     vertex  6.419918e-02  6.591949e-17 -5.442531e-02
   endloop
 endfacet
 facet normal  0.000000e+00  1.000000e+00  0.000000e+00
   outer loop
     vertex  2.128748e-01  6.591949e-17  1.119930e-01
     vertex  6.613760e-02  6.591949e-17 -3.474424e-02
     vertex  6.419918e-02  6.591949e-17 -1.506317e-02
   endloop
 endfacet
 facet normal  0.000000e+00  1.000000e+00  0.000000e+00
   outer loop
     vertex  2.128748e-01  6.591949e-17  1.119930e-01
     vertex  6.419918e-02  6.591949e-17 -1.506317e-02
     vertex  5.845843e-02  6.591949e-17  3.861571e-03
   endloop
 endfacet
 facet normal  0.000000e+00  1.000000e+00  0.000000e+00
   outer loop
     vertex  2.128748e-01  6.591949e-17  1.119930e-01
     vertex  5.845843e-02  6.591949e-17  3.861571e-03
     vertex  4.913595e-02  6.591949e-17  2.130271e-02
   endloop
 endfacet
 facet normal  0.000000e+00  1.000000e+00  0.000000e+00
   outer loop
     vertex  2.128748e-01  6.591949e-17  1.119930e-01
     vertex  4.913595e-02  6.591949e-17  2.130271e-02
     vertex  3.658999e-02  6.591949e-17  3.658999e-02
   endloop
 endfacet
 facet normal  0.000000e+00  1.000000e+00  0.000000e+00
   outer loop
     vertex  2.128748e-01  6.591949e-17  1.119930e-01
     vertex  3.658999e-02  6.591949e-17  3.658999e-02
     vertex  2.130271e-02  6.591949e-17  4.913595e-02
   endloop
 endfacet
 facet normal  0.000000e+00  1.000000e+00  0.000000e+00
   outer loop
     vertex  2.128748e-01  6.591949e-17  1.119930e-01
     vertex  2.130271e-02  6.591949e-17  4.913595e-02
     vertex  3.861571e-03  6.591949e-17  5.845843e-02
   endloop
 endfacet
 facet normal  0.000000e+00  1.000000e+00  0.000000e+00
   outer loop
     vertex  2.128748e-01  6.591949e-17  1.119930e-01
     vertex  3.861571e-03  6.591949e-17  5.845843e-02
     vertex -1.506317e-02  6.591949e-17  6.419918e-02
   endloop
 endfacet
 facet normal  0.000000e+00  1.000000e+00  0.000000e+00
   outer loop
     vertex  2.128748e-01  6.591949e-17  1.119930e-01
     vertex  2.128748e-01  6.591949e-17 -1.814815e-01
     vertex  6.613760e-02  6.591949e-17 -3.474424e-02
   endloop
 endfacet
 facet normal  0.000000e+00  1.000000e+00  0.000000e+00
   outer loop
     vertex  2.128748e-01  6.591949e-17  1.119930e-01
     vertex -3.474424e-02  6.591949e-17  6.613760e-02
     vertex -2.823633e-01  6.591949e-17  1.119930e-01
   endloop
 endfacet
 facet normal  0.000000e+00  1.000000e+00  0.000000e+00
   outer loop
     vertex -3.474424e-02  6.591949e-17  6.613760e-02
     vertex -5.442531e-02  6.591949e-17  6.419918e-02
     vertex -2.823633e-01  6.591949e-17  1.119930e-01
   endloop
 endfacet
 facet normal  0.000000e+00  1.000000e+00  0.000000e+00
   outer loop
     vertex  2.128748e-01  6.591949e-17  1.119930e-01
     vertex -1.506317e-02  6.591949e-17  6.419918e-02
     vertex -3.474424e-02  6.591949e-17  6.613760e-02
   endloop
 endfacet
 facet normal -9.951847e-01  0.000000e+00 -9.801714e-02
   outer loop
     vertex  6.419918e-02 -1.587302e-02 -1.506317e-02
     vertex  6.613760e-02 -1.587302e-02 -3.474424e-02
     vertex  6.613760e-02 -1.015873e+00 -3.474424e-02
   endloop
 endfacet
 facet normal -9.951847e-01 -0.000000e+00 -9.801714e-02
   outer loop
     vertex  6.419918e-02 -1.587302e-02 -1.506317e-02
     vertex  6.613760e-02 -1.015873e+00 -3.474424e-02
     vertex  6.419918e-02 -1.015873e+00 -1.506317e-02
   endloop
 endfacet
 facet normal -9.569403e-01 -0.000000e+00 -2.902847e-01
   outer loop
     vertex  5.845843e-02 -1.587302e-02  3.861571e-03
     vertex  6.419918e-02 -1.015873e+00 -1.506317e-02
     vertex  5.845843e-02 -1.015873e+00  3.861571e-03
   endloop
 endfacet
 facet normal -9.569403e-01  0.000000e+00 -2.902847e-01
   outer loop
     vertex  5.845843e-02 -1.587302e-02  3.861571e-03
     vertex  6.419918e-02 -1.587302e-02 -1.506317e-02
     vertex  6.419918e-02 -1.015873e+00 -1.506317e-02
   endloop
 endfacet
 facet normal -8.819213e-01 -0.000000e+00 -4.713967e-01
   outer loop
     vertex  4.913595e-02 -1.587302e-02  2.130271e-02
     vertex  5.845843e-02 -1.015873e+00  3.861571e-03
     vertex  4.913595e-02 -1.015873e+00  2.130271e-02
   endloop
 endfacet
 facet normal -8.819213e-01  0.000000e+00 -4.713967e-01
   outer loop
     vertex  4.913595e-02 -1.587302e-02  2.130271e-02
     vertex  5.845843e-02 -1.587302e-02  3.861571e-03
     vertex  5.845843e-02 -1.015873e+00  3.861571e-03
   endloop
 endfacet
 facet normal -7.730105e-01 -0.000000e+00 -6.343933e-01
   outer loop
     vertex  3.658999e-02 -1.587302e-02  3.658999e-02
     vertex  4.913595e-02 -1.015873e+00  2.130271e-02
     vertex  3.658999e-02 -1.015873e+00  3.658999e-02
   endloop
 endfacet
 facet normal -7.730105e-01  0.000000e+00 -6.343933e-01
   outer loop
     vertex  3.658999e-02 -1.587302e-02  3.658999e-02
     vertex  4.913595e-02 -1.587302e-02  2.130271e-02
     vertex  4.913595e-02 -1.015873e+00  2.130271e-02
   endloop
 endfacet
 facet normal -6.343933e-01 -0.000000e+00 -7.730105e-01
   outer loop
     vertex  2.130271e-02 -1.587302e-02  4.913595e-02
     vertex  3.658999e-02 -1.015873e+00  3.658999e-02
     vertex  2.130271e-02 -1.015873e+00  4.913595e-02
   endloop
 endfacet
 facet normal -6.343933e-01  0.000000e+00 -7.730105e-01
   outer loop
     vertex  2.130271e-02 -1.587302e-02  4.913595e-02
     vertex  3.658999e-02 -1.587302e-02  3.658999e-02
     vertex  3.658999e-02 -1.015873e+00  3.658999e-02
   endloop
 endfacet
 facet normal -4.713967e-01 -0.000000e+00 -8.819213e-01
   outer loop
     vertex  3.861571e-03 -1.587302e-02  5.845843e-02
     vertex  2.130271e-02 -1.015873e+00  4.913595e-02
     vertex  3.861571e-03 -1.015873e+00  5.845843e-02
   endloop
 endfacet
 facet normal -4.713967e-01  0.000000e+00 -8.819213e-01
   outer loop
     vertex  3.861571e-03 -1.587302e-02  5.845843e-02
     vertex  2.130271e-02 -1.587302e-02  4.913595e-02
     vertex  2.130271e-02 -1.015873e+00  4.913595e-02
   endloop
 endfacet
 facet normal -2.902847e-01 -0.000000e+00 -9.569403e-01
   outer loop
     vertex -1.506317e-02 -1.587302e-02  6.419918e-02
     vertex  3.861571e-03 -1.015873e+00  5.845843e-02
     vertex -1.506317e-02 -1.015873e+00  6.419918e-02
   endloop
 endfacet
 facet normal -2.902847e-01  0.000000e+00 -9.569403e-01
   outer loop
     vertex -1.506317e-02 -1.587302e-02  6.419918e-02
     vertex  3.861571e-03 -1.587302e-02  5.845843e-02
     vertex  3.861571e-03 -1.015873e+00  5.845843e-02
   endloop
 endfacet
 facet normal -9.801714e-02  0.000000e+00 -9.951847e-01
   outer loop
     vertex -3.474424e-02 -1.587302e-02  6.613760e-02
     vertex -1.506317e-02 -1.587302e-02  6.419918e-02
     vertex -1.506317e-02 -1.015873e+00  6.419918e-02
   endloop
 endfacet
 facet normal -9.801714e-02 -0.000000e+00 -9.951847e-01
   outer loop
     vertex -3.474424e-02 -1.587302e-02  6.613760e-02
     vertex -1.506317e-02 -1.015873e+00  6.419918e-02
     vertex -3.474424e-02 -1.015873e+00  6.613760e-02
   endloop
 endfacet
 facet normal  9.801714e-02  0.000000e+00 -9.951847e-01
   outer loop
     vertex -3.474424e-02 -1.587302e-02  6.613760e-02
     vertex -3.474424e-02 -1.015873e+00  6.613760e-02
     vertex -5.442531e-02 -1.015873e+00  6.419918e-02
   endloop
 endfacet
 facet normal  9.801714e-02  0.000000e+00 -9.951847e-01
   outer loop
     vertex -5.442531e-02 -1.587302e-02  6.419918e-02
     vertex -3.474424e-02 -1.587302e-02  6.613760e-02
     vertex -5.442531e-02 -1.015873e+00  6.419918e-02
   endloop
 endfacet
 facet normal  2.902847e-01  0.000000e+00 -9.569403e-01
   outer loop
     vertex -7.335004e-02 -1.587302e-02  5.845843e-02
     vertex -5.442531e-02 -1.587302e-02  6.419918e-02
     vertex -5.442531e-02 -1.015873e+00  6.419918e-02
   endloop
 endfacet
 facet normal  2.902847e-01  0.000000e+00 -9.569403e-01
   outer loop
     vertex -7.335004e-02 -1.587302e-02  5.845843e-02
     vertex -5.442531e-02 -1.015873e+00  6.419918e-02
     vertex -7.335004e-02 -1.015873e+00  5.845843e-02
   endloop
 endfacet
 facet normal  4.713967e-01  0.000000e+00 -8.819213e-01
   outer loop
     vertex -9.079118e-02 -1.587302e-02  4.913595e-02
     vertex -7.335004e-02 -1.587302e-02  5.845843e-02
     vertex -7.335004e-02 -1.015873e+00  5.845843e-02
   endloop
 endfacet
 facet normal  4.713967e-01  0.000000e+00 -8.819213e-01
   outer loop
     vertex -9.079118e-02 -1.587302e-02  4.913595e-02
     vertex -7.335004e-02 -1.015873e+00  5.845843e-02
     vertex -9.079118e-02 -1.015873e+00  4.913595e-02
   endloop
 endfacet
 facet normal  6.343933e-01  0.000000e+00 -7.730105e-01
   outer loop
     vertex -9.079118e-02 -1.587302e-02  4.913595e-02
     vertex -9.079118e-02 -1.015873e+00  4.913595e-02
     vertex -1.060785e-01 -1.015873e+00  3.658999e-02
   endloop
 endfacet
 facet normal  6.343933e-01  0.000000e+00 -7.730105e-01
   outer loop
     vertex -1.060785e-01 -1.587302e-02  3.658999e-02
     vertex -9.079118e-02 -1.587302e-02  4.913595e-02
     vertex -1.060785e-01 -1.015873e+00  3.658999e-02
   endloop
 endfacet
 facet normal  7.730105e-01  0.000000e+00 -6.343933e-01
   outer loop
     vertex -1.186244e-01 -1.587302e-02  2.130271e-02
     vertex -1.060785e-01 -1.015873e+00  3.658999e-02
     vertex -1.186244e-01 -1.015873e+00  2.130271e-02
   endloop
 endfacet
 facet normal  7.730105e-01  0.000000e+00 -6.343933e-01
   outer loop
     vertex -1.186244e-01 -1.587302e-02  2.130271e-02
     vertex -1.060785e-01 -1.587302e-02  3.658999e-02
     vertex -1.060785e-01 -1.015873e+00  3.658999e-02
   endloop
 endfacet
 facet normal  8.819213e-01  0.000000e+00 -4.713967e-01
   outer loop
     vertex -1.279469e-01 -1.587302e-02  3.861571e-03
     vertex -1.186244e-01 -1.015873e+00  2.130271e-02
     vertex -1.279469e-01 -1.015873e+00  3.861571e-03
   endloop
 endfacet
 facet normal  8.819213e-01  0.000000e+00 -4.713967e-01
   outer loop
     vertex -1.279469e-01 -1.587302e-02  3.861571e-03
     vertex -1.186244e-01 -1.587302e-02  2.130271e-02
     vertex -1.186244e-01 -1.015873e+00  2.130271e-02
   endloop
 endfacet
 facet normal  9.569403e-01  0.000000e+00 -2.902847e-01
   outer loop
     vertex -1.336877e-01 -1.587302e-02 -1.506317e-02
     vertex -1.279469e-01 -1.015873e+00  3.861571e-03
     vertex -1.336877e-01 -1.015873e+00 -1.506317e-02
   endloop
 endfacet
 facet normal  9.951847e-01  0.000000e+00 -9.801714e-02
   outer loop
     vertex -1.336877e-01 -1.587302e-02 -1.506317e-02
     vertex -1.336877e-01 -1.015873e+00 -1.506317e-02
     vertex -1.356261e-01 -1.015873e+00 -3.474424e-02
   endloop
 endfacet
 facet normal  9.569403e-01  0.000000e+00 -2.902847e-01
   outer loop
     vertex -1.336877e-01 -1.587302e-02 -1.506317e-02
     vertex -1.279469e-01 -1.587302e-02  3.861571e-03
     vertex -1.279469e-01 -1.015873e+00  3.861571e-03
   endloop
 endfacet
 facet normal  9.951847e-01  0.000000e+00 -9.801714e-02
   outer loop
     vertex -1.356261e-01 -1.587302e-02 -3.474424e-02
     vertex -1.336877e-01 -1.587302e-02 -1.506317e-02
     vertex -1.356261e-01 -1.015873e+00 -3.474424e-02
   endloop
 endfacet
 facet normal  9.951847e-01  0.000000e+00  9.801714e-02
   outer loop
     vertex -1.336877e-01 -1.587302e-02 -5.442531e-02
     vertex -1.356261e-01 -1.015873e+00 -3.474424e-02
     vertex -1.336877e-01 -1.015873e+00 -5.442531e-02
   endloop
 endfacet
 facet normal  9.951847e-01  0.000000e+00  9.801714e-02
   outer loop
     vertex -1.336877e-01 -1.587302e-02 -5.442531e-02
     vertex -1.356261e-01 -1.587302e-02 -3.474424e-02
     vertex -1.356261e-01 -1.015873e+00 -3.474424e-02
   endloop
 endfacet
 facet normal  9.569403e-01  0.000000e+00  2.902847e-01
   outer loop
     vertex -1.279469e-01 -1.587302e-02 -7.335004e-02
     vertex -1.336877e-01 -1.015873e+00 -5.442531e-02
     vertex -1.279469e-01 -1.015873e+00 -7.335004e-02
   endloop
 endfacet
 facet normal  9.569403e-01  0.000000e+00  2.902847e-01
   outer loop
     vertex -1.279469e-01 -1.587302e-02 -7.335004e-02
     vertex -1.336877e-01 -1.587302e-02 -5.442531e-02
     vertex -1.336877e-01 -1.015873e+00 -5.442531e-02
   endloop
 endfacet
 facet normal  8.819213e-01  0.000000e+00  4.713967e-01
   outer loop
     vertex -1.186244e-01 -1.587302e-02 -9.079118e-02
     vertex -1.279469e-01 -1.015873e+00 -7.335004e-02
     vertex -1.186244e-01 -1.015873e+00 -9.079118e-02
   endloop
 endfacet
 facet normal  7.730105e-01  0.000000e+00  6.343933e-01
   outer loop
     vertex -1.186244e-01 -1.587302e-02 -9.079118e-02
     vertex -1.186244e-01 -1.015873e+00 -9.079118e-02
     vertex -1.060785e-01 -1.015873e+00 -1.060785e-01
   endloop
 endfacet
 facet normal  8.819213e-01  0.000000e+00  4.713967e-01
   outer loop
     vertex -1.186244e-01 -1.587302e-02 -9.079118e-02
     vertex -1.279469e-01 -1.587302e-02 -7.335004e-02
     vertex -1.279469e-01 -1.015873e+00 -7.335004e-02
   endloop
 endfacet
 facet normal  7.730105e-01  0.000000e+00  6.343933e-01
   outer loop
     vertex -1.060785e-01 -1.587302e-02 -1.060785e-01
     vertex -1.186244e-01 -1.587302e-02 -9.079118e-02
     vertex -1.060785e-01 -1.015873e+00 -1.060785e-01
   endloop
 endfacet
 facet normal  6.343933e-01  0.000000e+00  7.730105e-01
   outer loop
     vertex -9.079118e-02 -1.587302e-02 -1.186244e-01
     vertex -1.060785e-01 -1.015873e+00 -1.060785e-01
     vertex -9.079118e-02 -1.015873e+00 -1.186244e-01
   endloop
 endfacet
 facet normal  6.343933e-01  0.000000e+00  7.730105e-01
   outer loop
     vertex -9.079118e-02 -1.587302e-02 -1.186244e-01
     vertex -1.060785e-01 -1.587302e-02 -1.060785e-01
     vertex -1.060785e-01 -1.015873e+00 -1.060785e-01
   endloop
 endfacet
 facet normal  4.713967e-01  0.000000e+00  8.819213e-01
   outer loop
     vertex -7.335004e-02 -1.587302e-02 -1.279469e-01
     vertex -9.079118e-02 -1.015873e+00 -1.186244e-01
     vertex -7.335004e-02 -1.015873e+00 -1.279469e-01
   endloop
 endfacet
 facet normal  4.713967e-01  0.000000e+00  8.819213e-01
   outer loop
     vertex -7.335004e-02 -1.587302e-02 -1.279469e-01
     vertex -9.079118e-02 -1.587302e-02 -1.186244e-01
     vertex -9.079118e-02 -1.015873e+00 -1.186244e-01
   endloop
 endfacet
 facet normal  2.902847e-01  0.000000e+00  9.569403e-01
   outer loop
     vertex -5.442531e-02 -1.587302e-02 -1.336877e-01
     vertex -7.335004e-02 -1.015873e+00 -1.279469e-01
     vertex -5.442531e-02 -1.015873e+00 -1.336877e-01
   endloop
 endfacet
 facet normal  2.902847e-01  0.000000e+00  9.569403e-01
   outer loop
     vertex -5.442531e-02 -1.587302e-02 -1.336877e-01
     vertex -7.335004e-02 -1.587302e-02 -1.279469e-01
     vertex -7.335004e-02 -1.015873e+00 -1.279469e-01
   endloop
 endfacet
 facet normal  9.801714e-02  0.000000e+00  9.951847e-01
   outer loop
     vertex -3.474424e-02 -1.587302e-02 -1.356261e-01
     vertex -5.442531e-02 -1.015873e+00 -1.336877e-01
     vertex -3.474424e-02 -1.015873e+00 -1.356261e-01
   endloop
 endfacet
 facet normal -9.801714e-02  0.000000e+00  9.951847e-01
   outer loop
     vertex -3.474424e-02 -1.587302e-02 -1.356261e-01
     vertex -3.474424e-02 -1.015873e+00 -1.356261e-01
     vertex -1.506317e-02 -1.015873e+00 -1.336877e-01
   endloop
 endfacet
 facet normal  9.801714e-02  0.000000e+00  9.951847e-01
   outer loop
     vertex -3.474424e-02 -1.587302e-02 -1.356261e-01
     vertex -5.442531e-02 -1.587302e-02 -1.336877e-01
     vertex -5.442531e-02 -1.015873e+00 -1.336877e-01
   endloop
 endfacet
 facet normal -9.801714e-02  0.000000e+00  9.951847e-01
   outer loop
     vertex -1.506317e-02 -1.587302e-02 -1.336877e-01
     vertex -3.474424e-02 -1.587302e-02 -1.356261e-01
     vertex -1.506317e-02 -1.015873e+00 -1.336877e-01
   endloop
 endfacet
 facet normal -2.902847e-01  0.000000e+00  9.569403e-01
   outer loop
     vertex  3.861571e-03 -1.587302e-02 -1.279469e-01
     vertex -1.506317e-02 -1.015873e+00 -1.336877e-01
     vertex  3.861571e-03 -1.015873e+00 -1.279469e-01
   endloop
 endfacet
 facet normal -4.713967e-01  0.000000e+00  8.819213e-01
   outer loop
     vertex  3.861571e-03 -1.587302e-02 -1.279469e-01
     vertex  3.861571e-03 -1.015873e+00 -1.279469e-01
     vertex  2.130271e-02 -1.015873e+00 -1.186244e-01
   endloop
 endfacet
 facet normal -2.902847e-01  0.000000e+00  9.569403e-01
   outer loop
     vertex  3.861571e-03 -1.587302e-02 -1.279469e-01
     vertex -1.506317e-02 -1.587302e-02 -1.336877e-01
     vertex -1.506317e-02 -1.015873e+00 -1.336877e-01
   endloop
 endfacet
 facet normal -4.713967e-01  0.000000e+00  8.819213e-01
   outer loop
     vertex  2.130271e-02 -1.587302e-02 -1.186244e-01
     vertex  3.861571e-03 -1.587302e-02 -1.279469e-01
     vertex  2.130271e-02 -1.015873e+00 -1.186244e-01
   endloop
 endfacet
 facet normal -6.343933e-01  0.000000e+00  7.730105e-01
   outer loop
     vertex  3.658999e-02 -1.587302e-02 -1.060785e-01
     vertex  2.130271e-02 -1.015873e+00 -1.186244e-01
     vertex  3.658999e-02 -1.015873e+00 -1.060785e-01
   endloop
 endfacet
 facet normal -6.343933e-01  0.000000e+00  7.730105e-01
   outer loop
     vertex  3.658999e-02 -1.587302e-02 -1.060785e-01
     vertex  2.130271e-02 -1.587302e-02 -1.186244e-01
     vertex  2.130271e-02 -1.015873e+00 -1.186244e-01
   endloop
 endfacet
 facet normal -7.730105e-01  0.000000e+00  6.343933e-01
   outer loop
     vertex  4.913595e-02 -1.587302e-02 -9.079118e-02
     vertex  3.658999e-02 -1.015873e+00 -1.060785e-01
     vertex  4.913595e-02 -1.015873e+00 -9.079118e-02
   endloop
 endfacet
 facet normal -7.730105e-01  0.000000e+00  6.343933e-01
   outer loop
     vertex  4.913595e-02 -1.587302e-02 -9.079118e-02
     vertex  3.658999e-02 -1.587302e-02 -1.060785e-01
     vertex  3.658999e-02 -1.015873e+00 -1.060785e-01
   endloop
 endfacet
 facet normal -8.819213e-01  0.000000e+00  4.713967e-01
   outer loop
     vertex  5.845843e-02 -1.587302e-02 -7.335004e-02
     vertex  4.913595e-02 -1.015873e+00 -9.079118e-02
     vertex  5.845843e-02 -1.015873e+00 -7.335004e-02
   endloop
 endfacet
 facet normal -9.569403e-01  0.000000e+00  2.902847e-01
   outer loop
     vertex  5.845843e-02 -1.587302e-02 -7.335004e-02
     vertex  5.845843e-02 -1.015873e+00 -7.335004e-02
     vertex  6.419918e-02 -1.015873e+00 -5.442531e-02
   endloop
 endfacet
 facet normal -8.819213e-01  0.000000e+00  4.713967e-01
   outer loop
     vertex  5.845843e-02 -1.587302e-02 -7.335004e-02
     vertex  4.913595e-02 -1.587302e-02 -9.079118e-02
     vertex  4.913595e-02 -1.015873e+00 -9.079118e-02
   endloop
 endfacet
 facet normal -9.569403e-01  0.000000e+00  2.902847e-01
   outer loop
     vertex  6.419918e-02 -1.587302e-02 -5.442531e-02
     vertex  5.845843e-02 -1.587302e-02 -7.335004e-02
     vertex  6.419918e-02 -1.015873e+00 -5.442531e-02
   endloop
 endfacet
 facet normal -9.951847e-01  0.000000e+00  9.801714e-02
   outer loop
     vertex  6.613760e-02 -1.587302e-02 -3.474424e-02
     vertex  6.419918e-02 -1.015873e+00 -5.442531e-02
     vertex  6.613760e-02 -1.015873e+00 -3.474424e-02
   endloop
 endfacet
 facet normal -9.951847e-01  0.000000e+00  9.801714e-02
   outer loop
     vertex  6.613760e-02 -1.587302e-02 -3.474424e-02
     vertex  6.419918e-02 -1.587302e-02 -5.442531e-02
     vertex  6.419918e-02 -1.015873e+00 -5.442531e-02
   endloop
 endfacet
 facet normal  0.000000e+00  0.000000e+00  1.000000e+00
   outer loop
     vertex -2.823633e-01 -1.587302e-02  1.119930e-01
     vertex  2.128748e-01 -1.587302e-02  1.119930e-01
     vertex  2.128748e-01  0.000000e+00  1.119930e-01
   endloop
 endfacet
 facet normal  0.000000e+00  0.000000e+00  1.000000e+00
   outer loop
     vertex -2.823633e-01 -1.587302e-02  1.119930e-01
     vertex  2.128748e-01  0.000000e+00  1.119930e-01
     vertex -2.823633e-01  0.000000e+00  1.119930e-01
   endloop
 endfacet
 facet normal -9.951847e-01  0.000000e+00 -9.801714e-02
   outer loop
     vertex  6.419918e-02 -1.587302e-02 -1.506317e-02
     vertex  6.613760e-02  0.000000e+00 -3.474424e-02
     vertex  6.613760e-02 -1.587302e-02 -3.474424e-02
   endloop
 endfacet
 facet normal -9.951847e-01  0.000000e+00 -9.801714e-02
   outer loop
     vertex  6.419918e-02 -1.587302e-02 -1.506317e-02
     vertex  6.419918e-02  0.000000e+00 -1.506317e-02
     vertex  6.613760e-02  0.000000e+00 -3.474424e-02
   endloop
 endfacet
 facet normal -9.569403e-01  0.000000e+00 -2.902847e-01
   outer loop
     vertex  5.845843e-02 -1.587302e-02  3.861571e-03
     vertex  5.845843e-02  0.000000e+00  3.861571e-03
     vertex  6.419918e-02  0.000000e+00 -1.506317e-02
   endloop
 endfacet
 facet normal -9.569403e-01  0.000000e+00 -2.902847e-01
   outer loop
     vertex  5.845843e-02 -1.587302e-02  3.861571e-03
     vertex  6.419918e-02  0.000000e+00 -1.506317e-02
     vertex  6.419918e-02 -1.587302e-02 -1.506317e-02
   endloop
 endfacet
 facet normal -8.819213e-01  0.000000e+00 -4.713967e-01
   outer loop
     vertex  4.913595e-02 -1.587302e-02  2.130271e-02
     vertex  4.913595e-02  0.000000e+00  2.130271e-02
     vertex  5.845843e-02  0.000000e+00  3.861571e-03
   endloop
 endfacet
 facet normal -8.819213e-01  0.000000e+00 -4.713967e-01
   outer loop
     vertex  4.913595e-02 -1.587302e-02  2.130271e-02
     vertex  5.845843e-02  0.000000e+00  3.861571e-03
     vertex  5.845843e-02 -1.587302e-02  3.861571e-03
   endloop
 endfacet
