solid 
 facet normal  0.000000e+00 -1.000000e+00 -0.000000e+00
   outer loop
     vertex -5.615522e-01 -9.523815e-02 -5.245784e-01
     vertex -5.650967e-01 -9.523815e-02 -5.279630e-01
     vertex -5.279630e-01 -9.523815e-02 -5.650967e-01
   endloop
 endfacet
 facet normal -0.000000e+00 -1.000000e+00  0.000000e+00
   outer loop
     vertex -5.615522e-01 -9.523815e-02 -5.245784e-01
     vertex -5.993412e-01 -9.523815e-02 -4.881493e-01
     vertex -5.650967e-01 -9.523815e-02 -5.279630e-01
   endloop
 endfacet
 facet normal -0.000000e+00 -1.000000e+00  0.000000e+00
   outer loop
     vertex -5.245784e-01 -9.523815e-02 -5.615522e-01
     vertex -5.615522e-01 -9.523815e-02 -5.245784e-01
     vertex -5.279630e-01 -9.523815e-02 -5.650967e-01
   endloop
 endfacet
 facet normal  0.000000e+00 -1.000000e+00 -0.000000e+00
   outer loop
     vertex -5.245784e-01 -9.523815e-02 -5.615522e-01
     vertex -5.279630e-01 -9.523815e-02 -5.650967e-01
     vertex -4.881493e-01 -9.523815e-02 -5.993412e-01
   endloop
 endfacet
 facet normal  0.000000e+00 -1.000000e+00 -0.000000e+00
   outer loop
     vertex -5.956561e-01 -9.523815e-02 -4.849421e-01
     vertex -5.993412e-01 -9.523815e-02 -4.881493e-01
     vertex -5.615522e-01 -9.523815e-02 -5.245784e-01
   endloop
 endfacet
 facet normal -0.000000e+00 -1.000000e+00  0.000000e+00
   outer loop
     vertex -4.849421e-01 -9.523815e-02 -5.956561e-01
     vertex -5.245784e-01 -9.523815e-02 -5.615522e-01
     vertex -4.881493e-01 -9.523815e-02 -5.993412e-01
   endloop
 endfacet
 facet normal  0.000000e+00 -1.000000e+00  0.000000e+00
   outer loop
     vertex -4.458797e-01 -9.523815e-02 -6.305039e-01
     vertex -4.849421e-01 -9.523815e-02 -5.956561e-01
     vertex -4.881493e-01 -9.523815e-02 -5.993412e-01
   endloop
 endfacet
 facet normal  0.000000e+00 -1.000000e+00  0.000000e+00
   outer loop
     vertex -6.305039e-01 -9.523815e-02 -4.458797e-01
     vertex -5.993412e-01 -9.523815e-02 -4.881493e-01
     vertex -5.956561e-01 -9.523815e-02 -4.849421e-01
   endloop
 endfacet
 facet normal  0.000000e+00 -1.000000e+00 -0.000000e+00
   outer loop
     vertex -6.266990e-01 -9.523815e-02 -4.428653e-01
     vertex -6.305039e-01 -9.523815e-02 -4.458797e-01
     vertex -5.956561e-01 -9.523815e-02 -4.849421e-01
   endloop
 endfacet
 facet normal -0.000000e+00 -1.000000e+00  0.000000e+00
   outer loop
     vertex -4.428653e-01 -9.523815e-02 -6.266990e-01
     vertex -4.849421e-01 -9.523815e-02 -5.956561e-01
     vertex -4.458797e-01 -9.523815e-02 -6.305039e-01
   endloop
 endfacet
 facet normal  0.000000e+00 -1.000000e+00  0.000000e+00
   outer loop
     vertex -4.013924e-01 -9.523815e-02 -6.584091e-01
     vertex -4.428653e-01 -9.523815e-02 -6.266990e-01
     vertex -4.458797e-01 -9.523815e-02 -6.305039e-01
   endloop
 endfacet
 facet normal  0.000000e+00 -1.000000e+00  0.000000e+00
   outer loop
     vertex -6.584091e-01 -9.523815e-02 -4.013924e-01
     vertex -6.305039e-01 -9.523815e-02 -4.458797e-01
     vertex -6.266990e-01 -9.523815e-02 -4.428653e-01
   endloop
 endfacet
 facet normal  0.000000e+00 -1.000000e+00 -0.000000e+00
   outer loop
     vertex -6.545069e-01 -9.523815e-02 -3.985840e-01
     vertex -6.584091e-01 -9.523815e-02 -4.013924e-01
     vertex -6.266990e-01 -9.523815e-02 -4.428653e-01
   endloop
 endfacet
 facet normal -0.000000e+00 -1.000000e+00  0.000000e+00
   outer loop
     vertex -3.985840e-01 -9.523815e-02 -6.545069e-01
     vertex -4.428653e-01 -9.523815e-02 -6.266990e-01
     vertex -4.013924e-01 -9.523815e-02 -6.584091e-01
   endloop
 endfacet
 facet normal  0.000000e+00 -1.000000e+00  0.000000e+00
   outer loop
     vertex -3.549378e-01 -9.523815e-02 -6.828997e-01
     vertex -3.985840e-01 -9.523815e-02 -6.545069e-01
     vertex -4.013924e-01 -9.523815e-02 -6.584091e-01
   endloop
 endfacet
 facet normal  0.000000e+00 -1.000000e+00  0.000000e+00
   outer loop
     vertex -6.828997e-01 -9.523815e-02 -3.549378e-01
     vertex -6.584091e-01 -9.523815e-02 -4.013924e-01
     vertex -6.545069e-01 -9.523815e-02 -3.985840e-01
   endloop
 endfacet
 facet normal  0.000000e+00 -1.000000e+00 -0.000000e+00
   outer loop
     vertex -6.789240e-01 -9.523815e-02 -3.523464e-01
     vertex -6.828997e-01 -9.523815e-02 -3.549378e-01
     vertex -6.545069e-01 -9.523815e-02 -3.985840e-01
   endloop
 endfacet
 facet normal -0.000000e+00 -1.000000e+00  0.000000e+00
   outer loop
     vertex -3.523464e-01 -9.523815e-02 -6.789240e-01
     vertex -3.985840e-01 -9.523815e-02 -6.545069e-01
     vertex -3.549378e-01 -9.523815e-02 -6.828997e-01
   endloop
 endfacet
 facet normal  0.000000e+00 -1.000000e+00  0.000000e+00
   outer loop
     vertex -3.067775e-01 -9.523815e-02 -7.038379e-01
     vertex -3.523464e-01 -9.523815e-02 -6.789240e-01
     vertex -3.549378e-01 -9.523815e-02 -6.828997e-01
   endloop
 endfacet
 facet normal  0.000000e+00 -1.000000e+00  0.000000e+00
   outer loop
     vertex -7.038379e-01 -9.523815e-02 -3.067775e-01
     vertex -6.828997e-01 -9.523815e-02 -3.549378e-01
     vertex -6.789240e-01 -9.523815e-02 -3.523464e-01
   endloop
 endfacet
 facet normal  0.000000e+00 -1.000000e+00 -0.000000e+00
   outer loop
     vertex -6.998133e-01 -9.523815e-02 -3.044115e-01
     vertex -7.038379e-01 -9.523815e-02 -3.067775e-01
     vertex -6.789240e-01 -9.523815e-02 -3.523464e-01
   endloop
 endfacet
 facet normal -0.000000e+00 -1.000000e+00  0.000000e+00
   outer loop
     vertex -3.044115e-01 -9.523815e-02 -6.998133e-01
     vertex -3.523464e-01 -9.523815e-02 -6.789240e-01
     vertex -3.067775e-01 -9.523815e-02 -7.038379e-01
   endloop
 endfacet
 facet normal  0.000000e+00 -1.000000e+00  0.000000e+00
   outer loop
     vertex -2.571827e-01 -9.523815e-02 -7.211058e-01
     vertex -3.044115e-01 -9.523815e-02 -6.998133e-01
     vertex -3.067775e-01 -9.523815e-02 -7.038379e-01
   endloop
 endfacet
 facet normal  0.000000e+00 -1.000000e+00  0.000000e+00
   outer loop
     vertex -7.211058e-01 -9.523815e-02 -2.571827e-01
     vertex -7.038379e-01 -9.523815e-02 -3.067775e-01
     vertex -6.998133e-01 -9.523815e-02 -3.044115e-01
   endloop
 endfacet
 facet normal  0.000000e+00 -1.000000e+00 -0.000000e+00
   outer loop
     vertex -7.170578e-01 -9.523815e-02 -2.550481e-01
     vertex -7.211058e-01 -9.523815e-02 -2.571827e-01
     vertex -6.998133e-01 -9.523815e-02 -3.044115e-01
   endloop
 endfacet
 facet normal -0.000000e+00 -1.000000e+00  0.000000e+00
   outer loop
     vertex -2.550481e-01 -9.523815e-02 -7.170578e-01
     vertex -3.044115e-01 -9.523815e-02 -6.998133e-01
     vertex -2.571827e-01 -9.523815e-02 -7.211058e-01
   endloop
 endfacet
 facet normal  0.000000e+00 -1.000000e+00  0.000000e+00
   outer loop
     vertex -2.064327e-01 -9.523815e-02 -7.346060e-01
     vertex -2.550481e-01 -9.523815e-02 -7.170578e-01
     vertex -2.571827e-01 -9.523815e-02 -7.211058e-01
   endloop
 endfacet
 facet normal  0.000000e+00 -1.000000e+00  0.000000e+00
   outer loop
     vertex -7.346060e-01 -9.523815e-02 -2.064327e-01
     vertex -7.211058e-01 -9.523815e-02 -2.571827e-01
     vertex -7.170578e-01 -9.523815e-02 -2.550481e-01
   endloop
 endfacet
 facet normal  0.000000e+00 -1.000000e+00 -0.000000e+00
   outer loop
     vertex -7.305608e-01 -9.523815e-02 -2.045329e-01
     vertex -7.346060e-01 -9.523815e-02 -2.064327e-01
     vertex -7.170578e-01 -9.523815e-02 -2.550481e-01
   endloop
 endfacet
 facet normal -0.000000e+00 -1.000000e+00  0.000000e+00
   outer loop
     vertex -2.045329e-01 -9.523815e-02 -7.305608e-01
     vertex -2.550481e-01 -9.523815e-02 -7.170578e-01
     vertex -2.064327e-01 -9.523815e-02 -7.346060e-01
   endloop
 endfacet
 facet normal  0.000000e+00 -1.000000e+00  0.000000e+00
   outer loop
     vertex -1.548132e-01 -9.523815e-02 -7.442626e-01
     vertex -2.045329e-01 -9.523815e-02 -7.305608e-01
     vertex -2.064327e-01 -9.523815e-02 -7.346060e-01
   endloop
 endfacet
 facet normal  0.000000e+00 -1.000000e+00  0.000000e+00
   outer loop
     vertex -7.442626e-01 -9.523815e-02 -1.548132e-01
     vertex -7.346060e-01 -9.523815e-02 -2.064327e-01
     vertex -7.305608e-01 -9.523815e-02 -2.045329e-01
   endloop
 endfacet
 facet normal  0.000000e+00 -1.000000e+00 -0.000000e+00
   outer loop
     vertex -7.402467e-01 -9.523815e-02 -1.531491e-01
     vertex -7.442626e-01 -9.523815e-02 -1.548132e-01
     vertex -7.305608e-01 -9.523815e-02 -2.045329e-01
   endloop
 endfacet
 facet normal -0.000000e+00 -1.000000e+00  0.000000e+00
   outer loop
     vertex -1.531491e-01 -9.523815e-02 -7.402467e-01
     vertex -2.045329e-01 -9.523815e-02 -7.305608e-01
     vertex -1.548132e-01 -9.523815e-02 -7.442626e-01
   endloop
 endfacet
 facet normal  0.000000e+00 -1.000000e+00  0.000000e+00
   outer loop
     vertex -1.026149e-01 -9.523815e-02 -7.500211e-01
     vertex -1.531491e-01 -9.523815e-02 -7.402467e-01
     vertex -1.548132e-01 -9.523815e-02 -7.442626e-01
   endloop
 endfacet
 facet normal  0.000000e+00 -1.000000e+00  0.000000e+00
   outer loop
     vertex -7.500211e-01 -9.523815e-02 -1.026149e-01
     vertex -7.442626e-01 -9.523815e-02 -1.548132e-01
     vertex -7.402467e-01 -9.523815e-02 -1.531491e-01
   endloop
 endfacet
 facet normal  0.000000e+00 -1.000000e+00 -0.000000e+00
   outer loop
     vertex -7.460611e-01 -9.523815e-02 -1.011846e-01
     vertex -7.500211e-01 -9.523815e-02 -1.026149e-01
     vertex -7.402467e-01 -9.523815e-02 -1.531491e-01
   endloop
 endfacet
 facet normal -0.000000e+00 -1.000000e+00  0.000000e+00
   outer loop
     vertex -1.011846e-01 -9.523815e-02 -7.460611e-01
     vertex -1.531491e-01 -9.523815e-02 -7.402467e-01
     vertex -1.026149e-01 -9.523815e-02 -7.500211e-01
   endloop
 endfacet
 facet normal  0.000000e+00 -1.000000e+00  0.000000e+00
   outer loop
     vertex -5.013175e-02 -9.523815e-02 -7.518493e-01
     vertex -1.011846e-01 -9.523815e-02 -7.460611e-01
     vertex -1.026149e-01 -9.523815e-02 -7.500211e-01
   endloop
 endfacet
 facet normal  0.000000e+00 -1.000000e+00  0.000000e+00
   outer loop
     vertex -7.518493e-01 -9.523815e-02 -5.013175e-02
     vertex -7.500211e-01 -9.523815e-02 -1.026149e-01
     vertex -7.460611e-01 -9.523815e-02 -1.011846e-01
   endloop
 endfacet
 facet normal  0.000000e+00 -1.000000e+00 -0.000000e+00
   outer loop
     vertex -7.479715e-01 -9.523815e-02 -4.893077e-02
     vertex -7.518493e-01 -9.523815e-02 -5.013175e-02
     vertex -7.460611e-01 -9.523815e-02 -1.011846e-01
   endloop
 endfacet
 facet normal -0.000000e+00 -1.000000e+00  0.000000e+00
   outer loop
     vertex -4.893077e-02 -9.523815e-02 -7.479715e-01
     vertex -1.011846e-01 -9.523815e-02 -7.460611e-01
     vertex -5.013175e-02 -9.523815e-02 -7.518493e-01
   endloop
 endfacet
 facet normal -0.000000e+00 -1.000000e+00  0.000000e+00
   outer loop
     vertex  2.340708e-03 -9.523815e-02 -7.497367e-01
     vertex -4.893077e-02 -9.523815e-02 -7.479715e-01
     vertex -5.013175e-02 -9.523815e-02 -7.518493e-01
   endloop
 endfacet
 facet normal  0.000000e+00 -1.000000e+00 -0.000000e+00
   outer loop
     vertex -7.497367e-01 -9.523815e-02  2.340708e-03
     vertex -7.518493e-01 -9.523815e-02 -5.013175e-02
     vertex -7.479715e-01 -9.523815e-02 -4.893077e-02
   endloop
 endfacet
 facet normal  0.000000e+00 -1.000000e+00  0.000000e+00
   outer loop
     vertex -7.459671e-01 -9.523815e-02  3.319570e-03
     vertex -7.497367e-01 -9.523815e-02  2.340708e-03
     vertex -7.479715e-01 -9.523815e-02 -4.893077e-02
   endloop
 endfacet
 facet normal  0.000000e+00 -1.000000e+00  0.000000e+00
   outer loop
     vertex  3.319570e-03 -9.523815e-02 -7.459671e-01
     vertex -4.893077e-02 -9.523815e-02 -7.479715e-01
     vertex  2.340708e-03 -9.523815e-02 -7.497367e-01
   endloop
 endfacet
 facet normal  0.000000e+00 -1.000000e+00  0.000000e+00
   outer loop
     vertex  5.450702e-02 -9.523815e-02 -7.436953e-01
     vertex  3.319570e-03 -9.523815e-02 -7.459671e-01
     vertex  2.340708e-03 -9.523815e-02 -7.497367e-01
   endloop
 endfacet
 facet normal  0.000000e+00 -1.000000e+00  0.000000e+00
   outer loop
     vertex -7.436953e-01 -9.523815e-02  5.450702e-02
     vertex -7.497367e-01 -9.523815e-02  2.340708e-03
     vertex -7.459671e-01 -9.523815e-02  3.319570e-03
   endloop
 endfacet
 facet normal  0.000000e+00 -1.000000e+00  0.000000e+00
   outer loop
     vertex -7.400592e-01 -9.523815e-02  5.527351e-02
     vertex -7.436953e-01 -9.523815e-02  5.450702e-02
     vertex -7.459671e-01 -9.523815e-02  3.319570e-03
   endloop
 endfacet
 facet normal  0.000000e+00 -1.000000e+00  0.000000e+00
   outer loop
     vertex  5.527351e-02 -9.523815e-02 -7.400592e-01
     vertex  3.319570e-03 -9.523815e-02 -7.459671e-01
     vertex  5.450702e-02 -9.523815e-02 -7.436953e-01
   endloop
 endfacet
 facet normal  0.000000e+00 -1.000000e+00  0.000000e+00
   outer loop
     vertex  1.060734e-01 -9.523815e-02 -7.337591e-01
     vertex  5.527351e-02 -9.523815e-02 -7.400592e-01
     vertex  5.450702e-02 -9.523815e-02 -7.436953e-01
   endloop
 endfacet
 facet normal  0.000000e+00 -1.000000e+00  0.000000e+00
   outer loop
     vertex -7.337591e-01 -9.523815e-02  1.060734e-01
     vertex -7.436953e-01 -9.523815e-02  5.450702e-02
     vertex -7.400592e-01 -9.523815e-02  5.527351e-02
   endloop
 endfacet
 facet normal  0.000000e+00 -1.000000e+00  0.000000e+00
   outer loop
     vertex -7.302809e-01 -9.523815e-02  1.066398e-01
     vertex -7.337591e-01 -9.523815e-02  1.060734e-01
     vertex -7.400592e-01 -9.523815e-02  5.527351e-02
   endloop
 endfacet
 facet normal  0.000000e+00 -1.000000e+00  0.000000e+00
   outer loop
     vertex  1.066398e-01 -9.523815e-02 -7.302809e-01
     vertex  5.527351e-02 -9.523815e-02 -7.400592e-01
     vertex  1.060734e-01 -9.523815e-02 -7.337591e-01
   endloop
 endfacet
 facet normal  0.000000e+00 -1.000000e+00  0.000000e+00
   outer loop
     vertex  1.567495e-01 -9.523815e-02 -7.199840e-01
     vertex  1.066398e-01 -9.523815e-02 -7.302809e-01
     vertex  1.060734e-01 -9.523815e-02 -7.337591e-01
   endloop
 endfacet
 facet normal  0.000000e+00 -1.000000e+00  0.000000e+00
   outer loop
     vertex -7.199840e-01 -9.523815e-02  1.567495e-01
     vertex -7.337591e-01 -9.523815e-02  1.060734e-01
     vertex -7.302809e-01 -9.523815e-02  1.066398e-01
   endloop
 endfacet
 facet normal  0.000000e+00 -1.000000e+00  0.000000e+00
   outer loop
     vertex -7.166870e-01 -9.523815e-02  1.571306e-01
     vertex -7.199840e-01 -9.523815e-02  1.567495e-01
     vertex -7.302809e-01 -9.523815e-02  1.066398e-01
   endloop
 endfacet
 facet normal  0.000000e+00 -1.000000e+00  0.000000e+00
   outer loop
     vertex  1.571306e-01 -9.523815e-02 -7.166870e-01
     vertex  1.066398e-01 -9.523815e-02 -7.302809e-01
     vertex  1.567495e-01 -9.523815e-02 -7.199840e-01
   endloop
 endfacet
 facet normal  0.000000e+00 -1.000000e+00  0.000000e+00
   outer loop
     vertex  2.062500e-01 -9.523815e-02 -7.024477e-01
     vertex  1.571306e-01 -9.523815e-02 -7.166870e-01
     vertex  1.567495e-01 -9.523815e-02 -7.199840e-01
   endloop
 endfacet
 facet normal  0.000000e+00 -1.000000e+00  0.000000e+00
   outer loop
     vertex -7.024477e-01 -9.523815e-02  2.062500e-01
     vertex -7.199840e-01 -9.523815e-02  1.567495e-01
     vertex -7.166870e-01 -9.523815e-02  1.571306e-01
   endloop
 endfacet
 facet normal  0.000000e+00 -1.000000e+00  0.000000e+00
   outer loop
     vertex -6.993537e-01 -9.523815e-02  2.064629e-01
     vertex -7.024477e-01 -9.523815e-02  2.062500e-01
     vertex -7.166870e-01 -9.523815e-02  1.571306e-01
   endloop
 endfacet
 facet normal  0.000000e+00 -1.000000e+00  0.000000e+00
   outer loop
     vertex  2.064629e-01 -9.523815e-02 -6.993537e-01
     vertex  1.571306e-01 -9.523815e-02 -7.166870e-01
     vertex  2.062500e-01 -9.523815e-02 -7.024477e-01
   endloop
 endfacet
 facet normal  0.000000e+00 -1.000000e+00  0.000000e+00
   outer loop
     vertex  2.542962e-01 -9.523815e-02 -6.812488e-01
     vertex  2.064629e-01 -9.523815e-02 -6.993537e-01
     vertex  2.062500e-01 -9.523815e-02 -7.024477e-01
   endloop
 endfacet
 facet normal  0.000000e+00 -1.000000e+00  0.000000e+00
   outer loop
     vertex -6.812488e-01 -9.523815e-02  2.542962e-01
     vertex -7.024477e-01 -9.523815e-02  2.062500e-01
     vertex -6.993537e-01 -9.523815e-02  2.064629e-01
   endloop
 endfacet
 facet normal  0.000000e+00 -1.000000e+00  0.000000e+00
   outer loop
     vertex -6.783782e-01 -9.523815e-02  2.543601e-01
     vertex -6.812488e-01 -9.523815e-02  2.542962e-01
     vertex -6.993537e-01 -9.523815e-02  2.064629e-01
   endloop
 endfacet
 facet normal  0.000000e+00 -1.000000e+00  0.000000e+00
   outer loop
     vertex  2.543601e-01 -9.523815e-02 -6.783782e-01
     vertex  2.064629e-01 -9.523815e-02 -6.993537e-01
     vertex  2.542962e-01 -9.523815e-02 -6.812488e-01
   endloop
 endfacet
 facet normal  0.000000e+00 -1.000000e+00  0.000000e+00
   outer loop
     vertex  3.006173e-01 -9.523815e-02 -6.565067e-01
     vertex  2.543601e-01 -9.523815e-02 -6.783782e-01
     vertex  2.542962e-01 -9.523815e-02 -6.812488e-01
   endloop
 endfacet
 facet normal  0.000000e+00 -1.000000e+00  0.000000e+00
   outer loop
     vertex -6.565067e-01 -9.523815e-02  3.006173e-01
     vertex -6.812488e-01 -9.523815e-02  2.542962e-01
     vertex -6.783782e-01 -9.523815e-02  2.543601e-01
   endloop
 endfacet
 facet normal -0.000000e+00 -1.000000e+00  0.000000e+00
   outer loop
     vertex -6.538780e-01 -9.523815e-02  3.005538e-01
     vertex -6.565067e-01 -9.523815e-02  3.006173e-01
     vertex -6.783782e-01 -9.523815e-02  2.543601e-01
   endloop
 endfacet
 facet normal  0.000000e+00 -1.000000e+00 -0.000000e+00
   outer loop
     vertex  3.005538e-01 -9.523815e-02 -6.538780e-01
     vertex  2.543601e-01 -9.523815e-02 -6.783782e-01
     vertex  3.006173e-01 -9.523815e-02 -6.565067e-01
   endloop
 endfacet
 facet normal  0.000000e+00 -1.000000e+00  0.000000e+00
   outer loop
     vertex  3.449528e-01 -9.523815e-02 -6.283608e-01
     vertex  3.005538e-01 -9.523815e-02 -6.538780e-01
     vertex  3.006173e-01 -9.523815e-02 -6.565067e-01
   endloop
 endfacet
 facet normal  0.000000e+00 -1.000000e+00  0.000000e+00
   outer loop
     vertex -6.283608e-01 -9.523815e-02  3.449528e-01
     vertex -6.565067e-01 -9.523815e-02  3.006173e-01
     vertex -6.538780e-01 -9.523815e-02  3.005538e-01
   endloop
 endfacet
 facet normal -0.000000e+00 -1.000000e+00  0.000000e+00
   outer loop
     vertex -6.259904e-01 -9.523815e-02  3.447850e-01
     vertex -6.283608e-01 -9.523815e-02  3.449528e-01
     vertex -6.538780e-01 -9.523815e-02  3.005538e-01
   endloop
 endfacet
 facet normal  0.000000e+00 -1.000000e+00 -0.000000e+00
   outer loop
     vertex  3.447850e-01 -9.523815e-02 -6.259904e-01
     vertex  3.005538e-01 -9.523815e-02 -6.538780e-01
     vertex  3.449528e-01 -9.523815e-02 -6.283608e-01
   endloop
 endfacet
 facet normal  0.000000e+00 -1.000000e+00  0.000000e+00
   outer loop
     vertex  3.870528e-01 -9.523815e-02 -5.969695e-01
     vertex  3.447850e-01 -9.523815e-02 -6.259904e-01
     vertex  3.449528e-01 -9.523815e-02 -6.283608e-01
   endloop
 endfacet
 facet normal  0.000000e+00 -1.000000e+00  0.000000e+00
   outer loop
     vertex -5.969695e-01 -9.523815e-02  3.870528e-01
     vertex -6.283608e-01 -9.523815e-02  3.449528e-01
     vertex -6.259904e-01 -9.523815e-02  3.447850e-01
   endloop
 endfacet
 facet normal -0.000000e+00 -1.000000e+00  0.000000e+00
   outer loop
     vertex -5.948719e-01 -9.523815e-02  3.868058e-01
     vertex -5.969695e-01 -9.523815e-02  3.870528e-01
     vertex -6.259904e-01 -9.523815e-02  3.447850e-01
   endloop
 endfacet
 facet normal  0.000000e+00 -1.000000e+00 -0.000000e+00
   outer loop
     vertex  3.868058e-01 -9.523815e-02 -5.948719e-01
     vertex  3.447850e-01 -9.523815e-02 -6.259904e-01
     vertex  3.870528e-01 -9.523815e-02 -5.969695e-01
   endloop
 endfacet
 facet normal  0.000000e+00 -1.000000e+00  0.000000e+00
   outer loop
     vertex  4.266803e-01 -9.523815e-02 -5.625097e-01
     vertex  3.868058e-01 -9.523815e-02 -5.948719e-01
     vertex  3.870528e-01 -9.523815e-02 -5.969695e-01
   endloop
 endfacet
 facet normal  0.000000e+00 -1.000000e+00  0.000000e+00
   outer loop
     vertex -5.625097e-01 -9.523815e-02  4.266803e-01
     vertex -5.969695e-01 -9.523815e-02  3.870528e-01
     vertex -5.948719e-01 -9.523815e-02  3.868058e-01
   endloop
 endfacet
 facet normal -0.000000e+00 -1.000000e+00  0.000000e+00
   outer loop
     vertex -5.606967e-01 -9.523815e-02  4.263807e-01
     vertex -5.625097e-01 -9.523815e-02  4.266803e-01
     vertex -5.948719e-01 -9.523815e-02  3.868058e-01
   endloop
 endfacet
 facet normal  0.000000e+00 -1.000000e+00 -0.000000e+00
   outer loop
     vertex  4.263807e-01 -9.523815e-02 -5.606967e-01
     vertex  3.868058e-01 -9.523815e-02 -5.948719e-01
     vertex  4.266803e-01 -9.523815e-02 -5.625097e-01
   endloop
 endfacet
 facet normal  0.000000e+00 -1.000000e+00  0.000000e+00
   outer loop
     vertex  4.636122e-01 -9.523815e-02 -5.251753e-01
     vertex  4.263807e-01 -9.523815e-02 -5.606967e-01
     vertex  4.266803e-01 -9.523815e-02 -5.625097e-01
   endloop
 endfacet
 facet normal  0.000000e+00 -1.000000e+00  0.000000e+00
   outer loop
     vertex -5.251753e-01 -9.523815e-02  4.636122e-01
     vertex -5.625097e-01 -9.523815e-02  4.266803e-01
     vertex -5.606967e-01 -9.523815e-02  4.263807e-01
   endloop
 endfacet
 facet normal -0.000000e+00 -1.000000e+00  0.000000e+00
   outer loop
     vertex -5.236565e-01 -9.523815e-02  4.632879e-01
     vertex -5.251753e-01 -9.523815e-02  4.636122e-01
     vertex -5.606967e-01 -9.523815e-02  4.263807e-01
   endloop
 endfacet
 facet normal  0.000000e+00 -1.000000e+00 -0.000000e+00
   outer loop
     vertex  4.632879e-01 -9.523815e-02 -5.236565e-01
     vertex  4.263807e-01 -9.523815e-02 -5.606967e-01
     vertex  4.636122e-01 -9.523815e-02 -5.251753e-01
   endloop
 endfacet
 facet normal  0.000000e+00 -1.000000e+00  0.000000e+00
   outer loop
     vertex  4.976405e-01 -9.523815e-02 -4.851766e-01
     vertex  4.632879e-01 -9.523815e-02 -5.236565e-01
     vertex  4.636122e-01 -9.523815e-02 -5.251753e-01
   endloop
 endfacet
 facet normal  0.000000e+00 -1.000000e+00  0.000000e+00
   outer loop
     vertex -4.851766e-01 -9.523815e-02  4.976405e-01
     vertex -5.251753e-01 -9.523815e-02  4.636122e-01
     vertex -5.236565e-01 -9.523815e-02  4.632879e-01
   endloop
 endfacet
 facet normal -0.000000e+00 -1.000000e+00  0.000000e+00
   outer loop
     vertex -4.839589e-01 -9.523815e-02  4.973204e-01
     vertex -4.851766e-01 -9.523815e-02  4.976405e-01
     vertex -5.236565e-01 -9.523815e-02  4.632879e-01
   endloop
 endfacet
 facet normal  0.000000e+00 -1.000000e+00 -0.000000e+00
   outer loop
     vertex  4.973204e-01 -9.523815e-02 -4.839589e-01
     vertex  4.632879e-01 -9.523815e-02 -5.236565e-01
     vertex  4.976405e-01 -9.523815e-02 -4.851766e-01
   endloop
 endfacet
 facet normal  0.000000e+00 -1.000000e+00  0.000000e+00
   outer loop
     vertex  5.285736e-01 -9.523815e-02 -4.427388e-01
     vertex  4.973204e-01 -9.523815e-02 -4.839589e-01
     vertex  4.976405e-01 -9.523815e-02 -4.851766e-01
   endloop
 endfacet
 facet normal  0.000000e+00 -1.000000e+00  0.000000e+00
   outer loop
     vertex -4.427388e-01 -9.523815e-02  5.285736e-01
     vertex -4.851766e-01 -9.523815e-02  4.976405e-01
     vertex -4.839589e-01 -9.523815e-02  4.973204e-01
   endloop
 endfacet
 facet normal -0.000000e+00 -1.000000e+00  0.000000e+00
   outer loop
     vertex -4.418263e-01 -9.523815e-02  5.282876e-01
     vertex -4.427388e-01 -9.523815e-02  5.285736e-01
     vertex -4.839589e-01 -9.523815e-02  4.973204e-01
   endloop
 endfacet
 facet normal  0.000000e+00 -1.000000e+00 -0.000000e+00
   outer loop
     vertex  5.282876e-01 -9.523815e-02 -4.418263e-01
     vertex  4.973204e-01 -9.523815e-02 -4.839589e-01
     vertex  5.285736e-01 -9.523815e-02 -4.427388e-01
   endloop
 endfacet
 facet normal  0.000000e+00 -1.000000e+00  0.000000e+00
   outer loop
     vertex  5.562373e-01 -9.523815e-02 -3.981009e-01
     vertex  5.282876e-01 -9.523815e-02 -4.418263e-01
     vertex  5.285736e-01 -9.523815e-02 -4.427388e-01
   endloop
 endfacet
 facet normal  0.000000e+00 -1.000000e+00  0.000000e+00
   outer loop
     vertex -3.981009e-01 -9.523815e-02  5.562373e-01
     vertex -4.427388e-01 -9.523815e-02  5.285736e-01
     vertex -4.418263e-01 -9.523815e-02  5.282876e-01
   endloop
 endfacet
 facet normal -0.000000e+00 -1.000000e+00  0.000000e+00
   outer loop
     vertex -3.974951e-01 -9.523815e-02  5.560158e-01
     vertex -3.981009e-01 -9.523815e-02  5.562373e-01
     vertex -4.418263e-01 -9.523815e-02  5.282876e-01
   endloop
 endfacet
 facet normal  0.000000e+00 -1.000000e+00 -0.000000e+00
   outer loop
     vertex  5.560158e-01 -9.523815e-02 -3.974951e-01
     vertex  5.282876e-01 -9.523815e-02 -4.418263e-01
     vertex  5.562373e-01 -9.523815e-02 -3.981009e-01
   endloop
 endfacet
 facet normal  0.000000e+00 -1.000000e+00  0.000000e+00
   outer loop
     vertex  5.804758e-01 -9.523815e-02 -3.515142e-01
     vertex  5.560158e-01 -9.523815e-02 -3.974951e-01
     vertex  5.562373e-01 -9.523815e-02 -3.981009e-01
   endloop
 endfacet
 facet normal  0.000000e+00 -1.000000e+00  0.000000e+00
   outer loop
     vertex -3.515142e-01 -9.523815e-02  5.804758e-01
     vertex -3.981009e-01 -9.523815e-02  5.562373e-01
     vertex -3.974951e-01 -9.523815e-02  5.560158e-01
   endloop
 endfacet
 facet normal -0.000000e+00 -1.000000e+00  0.000000e+00
   outer loop
     vertex -3.512135e-01 -9.523815e-02  5.803496e-01
     vertex -3.515142e-01 -9.523815e-02  5.804758e-01
     vertex -3.974951e-01 -9.523815e-02  5.560158e-01
   endloop
 endfacet
 facet normal  0.000000e+00 -1.000000e+00 -0.000000e+00
   outer loop
     vertex  5.803496e-01 -9.523815e-02 -3.512135e-01
     vertex  5.560158e-01 -9.523815e-02 -3.974951e-01
     vertex  5.804758e-01 -9.523815e-02 -3.515142e-01
   endloop
 endfacet
 facet normal  0.000000e+00 -1.000000e+00  0.000000e+00
   outer loop
     vertex  6.011527e-01 -9.523815e-02 -3.032412e-01
     vertex  5.803496e-01 -9.523815e-02 -3.512135e-01
     vertex  5.804758e-01 -9.523815e-02 -3.515142e-01
   endloop
 endfacet
 facet normal  0.000000e+00 -1.000000e+00  0.000000e+00
   outer loop
     vertex -3.032412e-01 -9.523815e-02  6.011527e-01
     vertex -3.515142e-01 -9.523815e-02  5.804758e-01
     vertex -3.512135e-01 -9.523815e-02  5.803496e-01
   endloop
 endfacet
 facet normal  3.978493e-01  3.842677e-14 -9.174508e-01
   outer loop
     vertex -3.032412e-01 -1.587302e-02  6.011527e-01
     vertex -3.032412e-01 -9.523815e-02  6.011527e-01
     vertex -3.512135e-01 -9.523815e-02  5.803496e-01
   endloop
 endfacet
 facet normal  3.978493e-01 -3.760114e-14 -9.174508e-01
   outer loop
     vertex -3.512135e-01 -1.587302e-02  5.803496e-01
     vertex -3.032412e-01 -1.587302e-02  6.011527e-01
     vertex -3.512135e-01 -9.523815e-02  5.803496e-01
   endloop
 endfacet
 facet normal  4.653739e-01  3.730235e-14 -8.851142e-01
   outer loop
     vertex -3.512135e-01 -1.587302e-02  5.803496e-01
     vertex -3.512135e-01 -9.523815e-02  5.803496e-01
     vertex -3.974951e-01 -9.523815e-02  5.560158e-01
   endloop
 endfacet
 facet normal  4.653739e-01 -3.801546e-14 -8.851142e-01
   outer loop
     vertex -3.974951e-01 -1.587302e-02  5.560158e-01
     vertex -3.512135e-01 -1.587302e-02  5.803496e-01
     vertex -3.974951e-01 -9.523815e-02  5.560158e-01
   endloop
 endfacet
 facet normal  5.302899e-01  3.719232e-14 -8.478164e-01
   outer loop
     vertex -3.974951e-01 -1.587302e-02  5.560158e-01
     vertex -3.974951e-01 -9.523815e-02  5.560158e-01
     vertex -4.418263e-01 -9.523815e-02  5.282876e-01
   endloop
 endfacet
 facet normal  5.302899e-01 -3.702140e-14 -8.478164e-01
   outer loop
     vertex -4.418263e-01 -1.587302e-02  5.282876e-01
     vertex -3.974951e-01 -1.587302e-02  5.560158e-01
     vertex -4.418263e-01 -9.523815e-02  5.282876e-01
   endloop
 endfacet
 facet normal  5.922335e-01  3.838749e-14 -8.057664e-01
   outer loop
     vertex -4.418263e-01 -1.587302e-02  5.282876e-01
     vertex -4.418263e-01 -9.523815e-02  5.282876e-01
     vertex -4.839589e-01 -9.523815e-02  4.973204e-01
   endloop
 endfacet
 facet normal  5.922335e-01 -3.748780e-14 -8.057664e-01
   outer loop
     vertex -4.839589e-01 -1.587302e-02  4.973204e-01
     vertex -4.418263e-01 -1.587302e-02  5.282876e-01
     vertex -4.839589e-01 -9.523815e-02  4.973204e-01
   endloop
 endfacet
 facet normal  6.508576e-01  3.832417e-14 -7.591998e-01
   outer loop
     vertex -4.839589e-01 -1.587302e-02  4.973204e-01
     vertex -4.839589e-01 -9.523815e-02  4.973204e-01
     vertex -5.236565e-01 -9.523815e-02  4.632879e-01
   endloop
 endfacet
 facet normal  6.508576e-01 -3.829914e-14 -7.591998e-01
   outer loop
     vertex -5.236565e-01 -1.587302e-02  4.632879e-01
     vertex -4.839589e-01 -1.587302e-02  4.973204e-01
     vertex -5.236565e-01 -9.523815e-02  4.632879e-01
   endloop
 endfacet
 facet normal  7.058334e-01  3.774030e-14 -7.083778e-01
   outer loop
     vertex -5.236565e-01 -1.587302e-02  4.632879e-01
     vertex -5.236565e-01 -9.523815e-02  4.632879e-01
     vertex -5.606967e-01 -9.523815e-02  4.263807e-01
   endloop
 endfacet
 facet normal  7.058334e-01 -3.843361e-14 -7.083778e-01
   outer loop
     vertex -5.606967e-01 -1.587302e-02  4.263807e-01
     vertex -5.236565e-01 -1.587302e-02  4.632879e-01
     vertex -5.606967e-01 -9.523815e-02  4.263807e-01
   endloop
 endfacet
 facet normal  7.568529e-01  3.796753e-14 -6.535852e-01
   outer loop
     vertex -5.606967e-01 -1.587302e-02  4.263807e-01
     vertex -5.606967e-01 -9.523815e-02  4.263807e-01
     vertex -5.948719e-01 -9.523815e-02  3.868058e-01
   endloop
 endfacet
 facet normal  7.568529e-01 -3.821096e-14 -6.535852e-01
   outer loop
     vertex -5.948719e-01 -1.587302e-02  3.868058e-01
     vertex -5.606967e-01 -1.587302e-02  4.263807e-01
     vertex -5.948719e-01 -9.523815e-02  3.868058e-01
   endloop
 endfacet
 facet normal  8.036301e-01  3.838555e-14 -5.951291e-01
   outer loop
     vertex -5.948719e-01 -1.587302e-02  3.868058e-01
     vertex -5.948719e-01 -9.523815e-02  3.868058e-01
     vertex -6.259904e-01 -9.523815e-02  3.447850e-01
   endloop
 endfacet
 facet normal  8.036301e-01 -3.950853e-14 -5.951291e-01
   outer loop
     vertex -6.259904e-01 -1.587302e-02  3.447850e-01
     vertex -5.948719e-01 -1.587302e-02  3.868058e-01
     vertex -6.259904e-01 -9.523815e-02  3.447850e-01
   endloop
 endfacet
 facet normal  8.459027e-01  3.739864e-14 -5.333372e-01
   outer loop
     vertex -6.259904e-01 -1.587302e-02  3.447850e-01
     vertex -6.259904e-01 -9.523815e-02  3.447850e-01
     vertex -6.538780e-01 -9.523815e-02  3.005538e-01
   endloop
 endfacet
 facet normal  8.459027e-01 -3.854168e-14 -5.333372e-01
   outer loop
     vertex -6.538780e-01 -1.587302e-02  3.005538e-01
     vertex -6.259904e-01 -1.587302e-02  3.447850e-01
     vertex -6.538780e-01 -9.523815e-02  3.005538e-01
   endloop
 endfacet
 facet normal  8.834339e-01  3.874568e-14 -4.685558e-01
   outer loop
     vertex -6.538780e-01 -1.587302e-02  3.005538e-01
     vertex -6.538780e-01 -9.523815e-02  3.005538e-01
     vertex -6.783782e-01 -9.523815e-02  2.543601e-01
   endloop
 endfacet
 facet normal  8.834339e-01 -3.892628e-14 -4.685558e-01
   outer loop
     vertex -6.783782e-01 -1.587302e-02  2.543601e-01
     vertex -6.538780e-01 -1.587302e-02  3.005538e-01
     vertex -6.783782e-01 -9.523815e-02  2.543601e-01
   endloop
 endfacet
 facet normal  9.160132e-01  3.859659e-14 -4.011481e-01
   outer loop
     vertex -6.783782e-01 -1.587302e-02  2.543601e-01
     vertex -6.783782e-01 -9.523815e-02  2.543601e-01
     vertex -6.993537e-01 -9.523815e-02  2.064629e-01
   endloop
 endfacet
 facet normal  9.160132e-01 -3.950199e-14 -4.011481e-01
   outer loop
     vertex -6.993537e-01 -1.587302e-02  2.064629e-01
     vertex -6.783782e-01 -1.587302e-02  2.543601e-01
     vertex -6.993537e-01 -9.523815e-02  2.064629e-01
   endloop
 endfacet
 facet normal  9.434581e-01  3.832095e-14 -3.314918e-01
   outer loop
     vertex -6.993537e-01 -1.587302e-02  2.064629e-01
     vertex -6.993537e-01 -9.523815e-02  2.064629e-01
     vertex -7.166870e-01 -9.523815e-02  1.571306e-01
   endloop
 endfacet
 facet normal  9.434581e-01 -3.872613e-14 -3.314918e-01
   outer loop
     vertex -7.166870e-01 -1.587302e-02  1.571306e-01
     vertex -6.993537e-01 -1.587302e-02  2.064629e-01
     vertex -7.166870e-01 -9.523815e-02  1.571306e-01
   endloop
 endfacet
 facet normal  9.656147e-01  3.940214e-14 -2.599774e-01
   outer loop
     vertex -7.166870e-01 -1.587302e-02  1.571306e-01
     vertex -7.166870e-01 -9.523815e-02  1.571306e-01
     vertex -7.302809e-01 -9.523815e-02  1.066398e-01
   endloop
 endfacet
 facet normal  9.656147e-01 -3.981336e-14 -2.599774e-01
   outer loop
     vertex -7.302809e-01 -1.587302e-02  1.066398e-01
     vertex -7.166870e-01 -1.587302e-02  1.571306e-01
     vertex -7.302809e-01 -9.523815e-02  1.066398e-01
   endloop
 endfacet
 facet normal  9.823588e-01  3.859006e-14 -1.870059e-01
   outer loop
     vertex -7.302809e-01 -1.587302e-02  1.066398e-01
     vertex -7.302809e-01 -9.523815e-02  1.066398e-01
     vertex -7.400592e-01 -9.523815e-02  5.527351e-02
   endloop
 endfacet
 facet normal  9.935966e-01  3.964691e-14 -1.129861e-01
   outer loop
     vertex -7.400592e-01 -1.587302e-02  5.527351e-02
     vertex -7.400592e-01 -9.523815e-02  5.527351e-02
     vertex -7.459671e-01 -9.523815e-02  3.319570e-03
   endloop
 endfacet
 facet normal  9.823588e-01 -3.905034e-14 -1.870059e-01
   outer loop
     vertex -7.400592e-01 -1.587302e-02  5.527351e-02
     vertex -7.302809e-01 -1.587302e-02  1.066398e-01
     vertex -7.400592e-01 -9.523815e-02  5.527351e-02
   endloop
 endfacet
 facet normal  9.992650e-01  4.074407e-14 -3.833295e-02
   outer loop
     vertex -7.459671e-01 -1.587302e-02  3.319570e-03
     vertex -7.459671e-01 -9.523815e-02  3.319570e-03
     vertex -7.479715e-01 -9.523815e-02 -4.893077e-02
   endloop
 endfacet
 facet normal  9.935966e-01 -3.826082e-14 -1.129861e-01
   outer loop
     vertex -7.459671e-01 -1.587302e-02  3.319570e-03
     vertex -7.400592e-01 -1.587302e-02  5.527351e-02
     vertex -7.459671e-01 -9.523815e-02  3.319570e-03
   endloop
 endfacet
 facet normal  9.993324e-01  4.009318e-14  3.653503e-02
   outer loop
     vertex -7.479715e-01 -1.587302e-02 -4.893077e-02
     vertex -7.479715e-01 -9.523815e-02 -4.893077e-02
     vertex -7.460611e-01 -9.523815e-02 -1.011846e-01
   endloop
 endfacet
 facet normal  9.992650e-01 -3.920161e-14 -3.833295e-02
   outer loop
     vertex -7.479715e-01 -1.587302e-02 -4.893077e-02
     vertex -7.459671e-01 -1.587302e-02  3.319570e-03
     vertex -7.479715e-01 -9.523815e-02 -4.893077e-02
   endloop
 endfacet
 facet normal  9.937982e-01  3.862860e-14  1.111982e-01
   outer loop
     vertex -7.460611e-01 -1.587302e-02 -1.011846e-01
     vertex -7.460611e-01 -9.523815e-02 -1.011846e-01
     vertex -7.402467e-01 -9.523815e-02 -1.531491e-01
   endloop
 endfacet
 facet normal  9.993324e-01 -4.095575e-14  3.653503e-02
   outer loop
     vertex -7.460611e-01 -1.587302e-02 -1.011846e-01
     vertex -7.479715e-01 -1.587302e-02 -4.893077e-02
     vertex -7.460611e-01 -9.523815e-02 -1.011846e-01
   endloop
 endfacet
 facet normal  9.826937e-01  4.004315e-14  1.852381e-01
   outer loop
     vertex -7.402467e-01 -1.587302e-02 -1.531491e-01
     vertex -7.402467e-01 -9.523815e-02 -1.531491e-01
     vertex -7.305608e-01 -9.523815e-02 -2.045329e-01
   endloop
 endfacet
 facet normal  9.937982e-01 -3.980618e-14  1.111982e-01
   outer loop
     vertex -7.402467e-01 -1.587302e-02 -1.531491e-01
     vertex -7.460611e-01 -1.587302e-02 -1.011846e-01
     vertex -7.402467e-01 -9.523815e-02 -1.531491e-01
   endloop
 endfacet
 facet normal  9.660809e-01  3.857567e-14  2.582397e-01
   outer loop
     vertex -7.305608e-01 -1.587302e-02 -2.045329e-01
     vertex -7.305608e-01 -9.523815e-02 -2.045329e-01
     vertex -7.170578e-01 -9.523815e-02 -2.550481e-01
   endloop
 endfacet
 facet normal  9.826937e-01 -4.163118e-14  1.852381e-01
   outer loop
     vertex -7.305608e-01 -1.587302e-02 -2.045329e-01
     vertex -7.402467e-01 -1.587302e-02 -1.531491e-01
     vertex -7.305608e-01 -9.523815e-02 -2.045329e-01
   endloop
 endfacet
 facet normal  9.440530e-01  4.016560e-14  3.297938e-01
   outer loop
     vertex -7.170578e-01 -1.587302e-02 -2.550481e-01
     vertex -7.170578e-01 -9.523815e-02 -2.550481e-01
     vertex -6.998133e-01 -9.523815e-02 -3.044115e-01
   endloop
 endfacet
 facet normal  9.660809e-01 -4.026863e-14  2.582397e-01
   outer loop
     vertex -7.170578e-01 -1.587302e-02 -2.550481e-01
     vertex -7.305608e-01 -1.587302e-02 -2.045329e-01
     vertex -7.170578e-01 -9.523815e-02 -2.550481e-01
   endloop
 endfacet
 facet normal  9.167335e-01  3.961866e-14  3.994994e-01
   outer loop
     vertex -6.998133e-01 -1.587302e-02 -3.044115e-01
     vertex -6.998133e-01 -9.523815e-02 -3.044115e-01
     vertex -6.789240e-01 -9.523815e-02 -3.523464e-01
   endloop
 endfacet
 facet normal  9.440530e-01 -4.117042e-14  3.297938e-01
   outer loop
     vertex -6.998133e-01 -1.587302e-02 -3.044115e-01
     vertex -7.170578e-01 -1.587302e-02 -2.550481e-01
     vertex -6.998133e-01 -9.523815e-02 -3.044115e-01
   endloop
 endfacet
 facet normal  8.842755e-01  4.090710e-14  4.669656e-01
   outer loop
     vertex -6.789240e-01 -1.587302e-02 -3.523464e-01
     vertex -6.789240e-01 -9.523815e-02 -3.523464e-01
     vertex -6.545069e-01 -9.523815e-02 -3.985840e-01
   endloop
 endfacet
 facet normal  9.167335e-01 -4.008444e-14  3.994994e-01
   outer loop
     vertex -6.789240e-01 -1.587302e-02 -3.523464e-01
     vertex -6.998133e-01 -1.587302e-02 -3.044115e-01
     vertex -6.789240e-01 -9.523815e-02 -3.523464e-01
   endloop
 endfacet
 facet normal  8.842755e-01 -4.065776e-14  4.669656e-01
   outer loop
     vertex -6.545069e-01 -1.587302e-02 -3.985840e-01
     vertex -6.789240e-01 -1.587302e-02 -3.523464e-01
     vertex -6.545069e-01 -9.523815e-02 -3.985840e-01
   endloop
 endfacet
 facet normal  8.468609e-01  4.065589e-14  5.318144e-01
   outer loop
     vertex -6.545069e-01 -1.587302e-02 -3.985840e-01
     vertex -6.545069e-01 -9.523815e-02 -3.985840e-01
     vertex -6.266990e-01 -9.523815e-02 -4.428653e-01
   endloop
 endfacet
 facet normal  8.468609e-01 -3.903543e-14  5.318144e-01
   outer loop
     vertex -6.266990e-01 -1.587302e-02 -4.428653e-01
     vertex -6.545069e-01 -1.587302e-02 -3.985840e-01
     vertex -6.266990e-01 -9.523815e-02 -4.428653e-01
   endloop
 endfacet
 facet normal  8.046995e-01  4.261926e-14  5.936823e-01
   outer loop
     vertex -6.266990e-01 -1.587302e-02 -4.428653e-01
     vertex -6.266990e-01 -9.523815e-02 -4.428653e-01
     vertex -5.956561e-01 -9.523815e-02 -4.849421e-01
   endloop
 endfacet
 facet normal  8.046995e-01 -4.036040e-14  5.936823e-01
   outer loop
     vertex -5.956561e-01 -1.587302e-02 -4.849421e-01
     vertex -6.266990e-01 -1.587302e-02 -4.428653e-01
     vertex -5.956561e-01 -9.523815e-02 -4.849421e-01
   endloop
 endfacet
 facet normal  7.580276e-01  4.151120e-14  6.522225e-01
   outer loop
     vertex -5.956561e-01 -1.587302e-02 -4.849421e-01
     vertex -5.956561e-01 -9.523815e-02 -4.849421e-01
     vertex -5.615522e-01 -9.523815e-02 -5.245784e-01
   endloop
 endfacet
 facet normal  7.580276e-01 -4.162902e-14  6.522225e-01
   outer loop
     vertex -5.615522e-01 -1.587302e-02 -5.245784e-01
     vertex -5.956561e-01 -1.587302e-02 -4.849421e-01
     vertex -5.615522e-01 -9.523815e-02 -5.245784e-01
   endloop
 endfacet
 facet normal  7.071068e-01  4.055546e-14  7.071068e-01
   outer loop
     vertex -5.615522e-01 -1.587302e-02 -5.245784e-01
     vertex -5.615522e-01 -9.523815e-02 -5.245784e-01
     vertex -5.245784e-01 -9.523815e-02 -5.615522e-01
   endloop
 endfacet
 facet normal  7.071068e-01 -3.956630e-14  7.071068e-01
   outer loop
     vertex -5.245784e-01 -1.587302e-02 -5.615522e-01
     vertex -5.615522e-01 -1.587302e-02 -5.245784e-01
     vertex -5.245784e-01 -9.523815e-02 -5.615522e-01
   endloop
 endfacet
